266.05	60.807
268.49366000000003	61.178246
270.92933000000005	61.59921
273.36009000000007	62.047661
275.78681000000006	62.517488
278.20968000000005	63.006768
280.62853000000007	63.515592
283.0428300000001	64.045556
285.4516300000001	64.599946
287.8532800000001	65.184539
290.2446600000001	65.8097
292.61905000000013	66.496363
294.95600000000013	67.3
293.385	69.1996
291.814	71.0992
290.242	72.9988
288.671	74.8984
287.1	76.798
285.529	78.6976
283.958	80.5972
282.386	82.4968
280.815	84.3964
279.244	86.2961
277.673	88.1957
276.101	90.0953
274.53	91.9949
272.959	93.8945
271.388	95.7941
269.817	97.6937
268.245	99.5933
266.674	101.493
265.103	103.393
263.532	105.292
261.961	107.192
260.389	109.091
258.818	110.991
257.247	112.891
255.676	114.79
254.105	116.69
252.533	118.589
250.962	120.489
249.391	122.389
247.82	124.288
246.248	126.188
244.677	128.087
243.106	129.987
241.535	131.887
239.964	133.786
238.392	135.686
236.821	137.585
235.25	139.485
233.638	137.608
232.026	135.731
230.414	133.855
228.802	131.978
227.19	130.101
225.579	128.224
223.967	126.348
222.355	124.471
220.743	122.594
219.131	120.717
217.519	118.84
215.907	116.964
214.295	115.087
212.683	113.21
211.071	111.333
209.46	109.456
207.848	107.58
206.236	105.703
204.624	103.826
203.012	101.949
201.4	100.073
199.788	98.1957
198.176	96.3189
196.564	94.4421
194.952	92.5654
193.34	90.6886
191.729	88.8118
190.117	86.935
188.505	85.0582
186.893	83.1814
185.281	81.3046
183.669	79.4279
182.057	77.5511
180.445	75.6743
178.833	73.7975
177.221	71.9207
175.61	70.0439
173.998	68.1671
172.386	66.2904
170.774	64.4136
169.162	62.5368
167.55	60.66
169.82875	60.16531
172.12683	59.768041
174.43310000000002	59.421147
176.74413	59.107408
179.05839	58.818422
181.37508	58.549558999999995
183.69373	58.298210999999995
186.01409999999998	58.063100999999996
188.33603	57.84408
190.65952	57.642308
192.98469999999998	57.46111
195.31199999999998	57.308997999999995
195.06114799999997	54.845428
194.80449799999997	52.382438
194.54560099999998	49.919688
194.28539899999998	47.457088
194.02430999999999	44.994568
193.762564	42.532118000000004
193.5003	40.069718
193.237613	37.607368
192.974566	35.145058
192.711206	32.682798
192.447561	30.220557999999997
192.18365	27.758338
191.919478	25.296158
191.654999	22.833997999999998
189.196269	22.93771
186.739389	23.078919
184.28476899999998	23.255066
181.83272899999997	23.464002
179.38350899999998	23.703907
176.93734899999998	23.973229
174.49443899999997	24.270639
172.05495899999997	24.594993
169.61907899999997	24.945301999999998
167.18693899999997	25.320712999999998
164.75868899999998	25.720484999999996
162.33444899999998	26.143979999999996
159.91437899999997	26.590641999999995
157.49860899999996	27.059991999999994
155.08726899999996	27.551621999999995
152.68049899999997	28.065182999999994
150.27844899999997	28.600378999999993
147.88125899999997	29.156962999999994
145.48909899999998	29.734729999999995
143.102119	30.333519999999996
140.72046899999998	30.953214999999997
138.344339	31.593722999999997
135.973899	32.254991999999994
133.60934899999998	32.936992999999994
131.25086899999997	33.63973899999999
128.89867899999996	34.36325699999999
126.55300899999996	35.10760199999999
124.21407899999996	35.87286399999999
121.88212899999995	36.65914999999999
119.55740899999995	37.46659699999999
117.24021899999995	38.29535299999999
114.93081899999996	39.14560099999999
112.62951899999996	40.01753999999999
110.33664899999997	40.91139299999999
108.05253899999997	41.82740399999999
105.77754899999996	42.76583699999999
103.51205899999997	43.72698099999999
101.25646899999997	44.71114399999999
99.01120899999997	45.71865399999999
96.77673899999996	46.749853999999985
94.55353899999996	47.805123999999985
92.34210899999997	48.88485399999998
90.14298899999997	49.98945399999998
87.95677899999997	51.119343999999984
85.78406899999997	52.274993999999985
83.62550899999998	53.456873999999985
81.48179899999998	54.665483999999985
79.35367899999999	55.90132399999999
77.24192899999998	57.16493399999999
75.14737899999999	58.456853999999986
73.07091899999999	59.777653999999984
71.01350899999998	61.12791399999998
68.97613899999999	62.50823399999998
66.95987899999999	63.91922399999998
64.96588899999999	65.36149399999998
62.99536899999999	66.83567399999998
61.04960899999999	68.34238399999998
59.12998899999999	69.88225399999997
57.237968999999985	71.45589399999997
55.375008999999984	73.06400399999997
56.87736899999999	74.92063399999996
58.36261899999999	76.79103399999997
59.84281899999999	78.66544399999997
61.32085899999999	80.54155399999996
62.79808899999999	82.41828399999996
64.27534899999999	84.29499399999996
65.753299	86.17116399999996
67.23254899999999	88.04630399999996
68.71378899999999	89.91988399999997
70.197869	91.79121399999997
71.686009	93.65932399999997
73.180179	95.52260399999997
74.684179	97.37794399999997
76.20801900000001	99.21700399999997
77.94840900000001	97.63150399999998
79.748849	96.11432399999998
81.588459	94.64481399999998
83.457059	93.21231399999998
85.349069	91.81086399999998
87.261349	90.43721399999998
89.192379	89.09002399999999
91.141919	87.76977399999998
93.111199	86.47916399999998
95.103749	85.22481399999998
97.12821899999999	84.02278399999999
99.21199899999999	82.92798399999998
100.850309	84.78596399999998
102.488619	86.64394399999998
104.126929	88.50192399999997
105.76523900000001	90.35990399999997
107.40354900000001	92.21788399999997
109.04185900000002	94.07586399999997
110.68016900000002	95.93384399999997
112.31847900000002	97.79182399999996
113.95678900000003	99.64980399999996
115.59509900000003	101.50778399999996
117.23340900000004	103.36576399999996
118.87171900000004	105.22374399999995
120.51002900000005	107.08172399999995
122.14833900000005	108.93970399999995
123.78664900000005	110.79768399999995
125.42495900000006	112.65566399999994
127.06326900000006	114.51364399999994
128.70157900000007	116.37162399999994
130.33988900000006	118.22960399999994
131.97819900000005	120.08758399999994
133.61650900000004	121.94556399999993
135.25481900000003	123.80354399999993
136.89312900000002	125.66152399999993
138.531439	127.51950399999993
140.169749	129.37748399999992
141.808059	131.23546399999992
143.44636899999998	133.09344399999992
145.08467899999997	134.95142399999992
146.72298899999996	136.80940399999992
148.36129899999995	138.6673839999999
149.99960899999994	140.5253639999999
151.63791899999993	142.3833439999999
153.27622899999992	144.2413239999999
154.9145389999999	146.0993039999999
156.5528489999999	147.9572839999999
158.19115899999989	149.8152639999999
159.82946899999988	151.6732439999999
161.46777899999987	153.5312239999999
163.10608899999986	155.3892039999999
164.74439899999985	157.2471839999999
166.38270899999983	159.1051639999999
168.02101899999982	160.9631439999999
169.65932899999981	162.82112399999988
171.2976389999998	164.67910399999988
172.9359489999998	166.53708399999988
174.57425899999978	168.39506399999988
176.21256899999977	170.25304399999987
177.85087899999976	172.11102399999987
179.48918899999975	173.96900399999987
181.12749899999974	175.82698399999987
182.76580899999973	177.68496399999987
182.75760515999974	180.05029399999987
182.74966083999973	182.41562399999987
182.74193029999972	184.78095399999987
182.73440801999973	187.14629399999987
182.72709974999972	189.51163399999987
182.72001818999973	191.87696399999987
182.71318215999975	194.24230399999988
182.70661735999974	196.60764399999988
182.70035774999974	198.97298399999988
182.69444837999973	201.3383339999999
182.68895008999974	203.7036739999999
182.68394719999975	206.0690139999999
182.67956184999974	208.4343539999999
182.67598173999974	210.7996939999999
182.67352245999973	213.1650339999999
182.67279620399972	215.53039399999992
182.6753626539997	217.89574399999992
182.69280905399972	220.26098399999992
180.2760490539997	220.01449799999992
177.86364905399972	219.72803199999993
175.4541490539997	219.41816399999993
173.04695905399973	219.09067799999994
170.64190905399974	218.74793199999993
168.23897905399974	218.39056499999992
165.83836905399974	218.01798499999992
163.44047905399975	217.62828199999993
161.04608905399976	217.2176019999999
158.65679905399978	216.7783129999999
156.27649905399977	216.29287599999992
153.92179905399976	215.69798599999993
153.50467605399976	218.04326599999993
153.06087305399976	220.38368599999993
152.60658005399975	222.72209599999994
152.14617605399974	225.05931599999994
151.68161705399973	227.39571599999994
151.21397605399974	229.73149599999994
150.74391405399973	232.06679599999993
150.27187005399972	234.40168599999993
149.79814505399972	236.73624599999994
149.32295705399972	239.07050599999994
148.84645705399973	241.40449599999994
148.36874705399973	243.73824599999995
147.88987605399973	246.07173599999996
147.40979805399974	248.40499599999995
149.81425805399974	248.96801899999994
152.22411805399975	249.50748999999993
154.63906805399975	250.02371799999995
157.05880805399974	250.51700599999995
159.48304805399974	250.98764799999995
161.91152805399975	251.43592999999996
164.34396805399976	251.86212599999996
166.78013805399976	252.26650799999996
169.21978805399976	252.64933099999996
171.66268805399977	253.01084599999996
174.10861805399978	253.35129099999995
176.55735805399976	253.67089699999994
179.00868805399978	253.96988299999995
181.4624280539998	254.24846199999996
183.9183880539998	254.50683499999997
186.37636805399978	254.74519199999997
188.8361780539998	254.96371399999998
191.29765805399978	255.16257299999998
193.76063805399977	255.34193
196.22494805399978	255.501935
198.69043805399977	255.64273
201.15693805399977	255.764442
203.62429805399978	255.86719
206.09237805399977	255.9510805
208.56101805399976	256.0162097
211.03008805399975	256.0626617
213.49943805399974	256.0905084
215.96892805399975	256.09980928
218.43840805399975	256.0906113
220.90775805399974	256.06294809999997
223.37683805399973	256.01683909999997
225.84549805399973	255.95229019999996
228.31360805399973	255.86929179999996
230.78102805399973	255.76781879999996
233.24762805399973	255.64782879999996
235.71324805399973	255.50926279999996
238.17774805399972	255.35204379999996
240.64097805399973	255.17607479999995
243.10277805399974	254.98123779999995
245.56300805399974	254.76739079999996
248.02149805399975	254.53436979999995
250.47807805399975	254.28198379999995
252.93256805399974	254.01001479999994
255.38477805399975	253.71821279999995
257.83450805399974	253.40629579999995
260.2815380539997	253.07394379999997
262.7256580539997	252.72079679999996
265.16661805399974	252.34645079999996
267.60415805399975	251.95045179999997
270.03799805399973	251.53228879999998
272.46781805399974	251.09139279999997
274.8932780539997	250.62712079999997
277.31401805399975	250.13874879999997
279.72958805399975	249.62546779999997
282.13952805399975	249.08636079999997
284.54328805399973	248.52039279999997
286.9402680539997	247.92638579999996
289.3297980539997	247.30299479999996
288.7980070539997	245.00403479999997
288.2516920539997	242.70848479999998
287.6911030539997	240.41637479999997
287.1166760539997	238.12770479999998
286.5290910539997	235.84236479999998
285.92938605399974	233.56018479999997
285.31908305399975	231.28080479999997
284.70042605399976	229.00368479999997
284.07669005399976	226.72794479999996
283.45274805399976	224.45225479999996
282.8359790539998	222.17461479999997
282.2379090539998	219.89200479999997
281.6773370539998	217.59993479999997
281.1867980539998	215.29199479999997
278.8806180539998	215.77396279999996
276.5667180539998	216.21757479999997
274.2487580539998	216.63955379999996
271.9281080539998	217.04652579999996
269.60543805399976	217.44178779999996
267.28109805399976	217.82710979999996
264.95527805399973	218.20337279999995
262.62804805399975	218.57079979999995
260.29936805399973	218.92896079999994
257.9690880539997	219.27651879999993
255.63680805399972	219.61042379999992
253.30158805399972	219.92295779999992
250.95979805399972	220.17999579999992
250.96291570399973	217.68234579999992
250.96603335399973	215.18469579999993
250.96915100399974	212.68704579999994
250.97226865399975	210.18939579999994
250.97538630399976	207.69174579999995
250.97850395399976	205.19409579999996
250.98162160399977	202.69644579999996
250.98473925399978	200.19879579999997
250.98785690399978	197.70114579999998
250.9909745539998	195.20349579999998
250.9940922039998	192.7058458
250.9972098539998	190.2081958
251.0003275039998	187.7105458
251.00344515399982	185.2128958
251.00656280399983	182.71524580000002
251.00968045399983	180.21759580000003
251.01279810399984	177.71994580000003
252.56820810399984	175.82461580000003
254.12361810399983	173.92928580000003
255.67902810399983	172.03395580000003
257.2344381039998	170.13862580000003
258.7898481039998	168.24329580000003
260.3452581039998	166.34796580000003
261.9006681039998	164.45263580000002
263.4560781039998	162.55730580000002
265.0114881039998	160.66197580000002
266.5668981039998	158.76664580000002
268.1223081039998	156.87131580000002
269.6777181039998	154.97598580000002
271.2331281039998	153.08065580000002
272.78853810399977	151.18532580000002
274.34394810399976	149.2899958
275.89935810399976	147.3946658
277.45476810399975	145.4993358
279.01017810399975	143.6040058
280.56558810399974	141.7086758
282.12099810399974	139.8133458
283.67640810399973	137.9180158
285.23181810399973	136.0226858
286.7872281039997	134.1273558
288.3426381039997	132.2320258
289.8980481039997	130.3366958
291.4534581039997	128.4413658
293.0088681039997	126.5460358
294.5642781039997	124.6507058
296.1196881039997	122.7553758
297.6750981039997	120.8600458
299.2305081039997	118.9647158
300.7859181039997	117.06938579999999
302.3413281039997	115.17405579999999
303.89673810399967	113.27872579999999
305.45214810399966	111.38339579999999
307.00755810399966	109.48806579999999
308.56296810399965	107.59273579999999
310.11837810399965	105.69740579999998
311.67378810399964	103.80207579999998
313.22919810399964	101.90674579999998
314.78460810399963	100.01141579999998
316.3400181039996	98.11608579999998
317.8954281039996	96.22075579999998
319.4508381039996	94.32542579999998
321.0062481039996	92.43009579999998
322.5616581039996	90.53476579999997
324.1170681039996	88.63943579999997
325.6724781039996	86.74410579999997
327.2278881039996	84.84877579999997
328.7832981039996	82.95344579999997
330.3387081039996	81.05811579999997
332.4239281039996	82.21728579999997
334.49014810399956	83.41002579999997
336.54014810399957	84.63044579999998
338.57383810399955	85.87785579999998
340.59024810399956	87.15299579999997
342.58777810399954	88.45749579999998
344.56417810399955	89.79380579999997
346.51639810399956	91.16516579999997
348.4403581039996	92.57588579999997
350.3304881039996	94.03157579999997
352.1790481039996	95.53969579999998
353.97478810399963	97.11024579999997
355.70071810399963	98.75711579999998
357.13131810399966	96.92257579999998
358.5331281039997	95.06591579999997
359.9201481039997	93.19815579999997
361.29873810399965	91.32417579999996
362.67259810399963	89.44671579999996
364.04419810399963	87.56761579999997
365.41543810399963	85.68823579999997
366.78791810399963	83.80976579999998
368.16315810399965	81.93331579999997
369.5427181039997	80.06003579999998
370.92834810399967	78.19125579999998
372.3221881039997	76.32856579999998
373.7269981039997	74.47415579999998
375.1467081039997	72.63111579999998
373.2185281039997	71.09732579999998
371.2711381039997	69.58799579999997
369.3049781039997	68.10318579999998
367.3204981039997	66.64296579999997
365.3181281039997	65.20738579999997
363.2982881039997	63.79646579999997
361.2614181039997	62.41025579999997
359.2079381039997	61.04877579999997
357.1382581039997	59.71204579999997
355.0527981039997	58.40007579999997
352.9519681039997	57.112865799999966
350.8361581039997	55.85040579999997
348.7057781039997	54.61269579999997
346.5612181039997	53.39972579999997
344.4028681039997	52.211475799999974
342.2311081039997	51.04791579999998
340.0463181039997	49.90903579999998
337.84884810399967	48.79478579999998
335.6390781039997	47.705145799999976
333.4173581039997	46.64007579999998
331.1840381039997	45.599525799999974
328.9394881039997	44.583475799999974
326.6840181039997	43.59186579999997
324.4179781039997	42.62465779999997
322.1416981039997	41.68180279999997
319.8554981039997	40.76325479999997
317.5596981039997	39.86896579999997
315.2546081039997	38.99888779999997
312.94054810399973	38.15297179999997
310.6178281039997	37.331171799999964
308.28672810399974	36.53343479999997
305.94753810399976	35.75970679999997
303.60056810399976	35.00994779999997
301.24608810399974	34.28410679999997
298.8843781039997	33.58213579999997
296.5157081039997	32.90398779999997
294.1403681039997	32.24962279999997
291.7586181039997	31.61899279999997
289.3707281039997	31.01206079999997
286.97693810399966	30.42877979999997
284.57751810399964	29.86911379999997
282.1727181039996	29.333027799999968
279.7627981039996	28.820484799999967
277.3479881039996	28.331451799999968
274.9285481039996	27.86589979999997
272.50470810399963	27.423798799999968
270.07668810399963	27.00511879999997
269.8857041039996	29.42915879999997
269.6530011039996	31.84958879999997
269.3954311039996	34.26749879999997
269.1210121039996	36.68356879999997
268.8343481039996	39.09821879999997
268.53841110399964	41.51174879999997
268.2353081039996	43.924388799999974
267.9266591039996	46.336328799999976
267.6138381039996	48.74771879999997
267.2981461039996	51.15873879999997
266.9810301039996	53.56956879999997
266.6644621039996	55.98047879999997
266.3519941039996	58.391928799999974
266.05368910399955	60.80513879999997
266.05	60.807
