103.59	5.63459
109.55897	6.394471
115.50933	7.151597000000001
114.25504000000001	7.5568420000000005
110.69044000000001	5.656212
115.70418000000001	2.287092
121.36065	3.034011
126.43551000000001	6.519691
132.35731	8.221611
138.52625	8.2351636
144.37296	8.6412176
148.66675	12.569477599999999
140.89943	11.4687776
133.06325999999999	11.269184599999999
136.95274999999998	12.5338946
140.86499999999998	13.4363236
143.14529	11.943003599999999
146.06617	15.892433599999999
143.52931	15.814224499999998
142.27365	15.495119499999998
146.10247	18.906719499999998
145.96566700000002	16.0913695
145.13483100000002	11.733849499999998
149.80577100000002	13.472809499999999
155.762131	18.3135895
161.99910100000002	22.7874795
168.463161	26.926989499999998
175.10602100000003	30.7735195
172.07861100000002	35.3499495
167.167311	33.2345095
160.93095100000002	30.616049500000003
154.30138100000002	29.039819500000004
154.78490900000003	35.508409500000006
156.90195900000003	41.60930950000001
157.71623100000002	36.720399500000006
154.98248100000004	36.84157950000001
157.27015100000003	44.10617950000001
159.37892100000002	51.42479950000001
161.344941	58.783109500000016
163.205191	66.16892950000002
164.99704100000002	73.57165950000002
166.75807100000003	80.98179950000002
168.52593100000004	88.39030950000003
170.33829100000005	95.78807950000002
172.72216100000006	90.58689950000003
175.10602100000006	85.38572950000002
181.18070100000006	86.71038950000002
187.02538100000007	85.16900950000002
194.06240100000008	81.81707950000002
201.1422210000001	78.55479950000002
207.9545510000001	74.77501950000001
211.5271110000001	68.05519950000001
215.09967100000011	61.33536950000001
218.67222100000012	54.61553950000001
222.24478100000013	47.89570950000001
225.81736100000012	41.17587950000001
225.01705200000012	35.06865950000001
222.13407200000012	29.57141950000001
218.88245200000011	24.27208950000001
223.8988120000001	23.44230950000001
227.1883620000001	27.633319500000013
230.8371620000001	32.887599500000015
234.4859620000001	38.141879500000016
231.6538020000001	34.05464950000002
234.4919620000001	35.69084950000002
239.5057820000001	39.83623950000002
245.0171520000001	43.29108950000002
250.9560620000001	45.94361950000002
254.1444620000001	51.46737950000002
257.9086420000001	56.60844950000002
262.6619420000001	60.83606950000002
267.0455220000001	64.45512950000003
271.56143200000014	67.90444950000003
276.52847200000014	70.64911950000003
279.15304200000014	78.02778950000003
281.6590420000001	85.44705950000002
283.69303200000013	93.00734950000002
284.88748200000015	100.74158950000002
285.7500170000001	107.81903950000002
286.4232280000001	114.91660950000002
286.7324790000001	122.03857950000003
286.4973620000001	129.16224950000003
284.57203200000015	134.71651950000003
282.76324200000016	140.31295950000003
279.5624720000002	145.19917950000004
278.56831100000016	140.24891950000006
280.7532610000002	134.83243950000005
282.02360100000016	127.12344950000005
282.2263100000002	119.29874950000004
282.5581070000002	111.48008950000005
281.60325800000015	104.07073950000004
280.23418800000013	96.72608950000004
278.56750800000015	89.44280950000004
276.71728800000017	82.20373950000004
274.79456800000014	74.98346950000004
269.53116800000015	71.89495950000004
264.29257800000016	68.76527950000005
259.40658800000017	65.11804950000005
255.33797800000016	60.58852950000006
250.14946800000016	54.81750950000006
244.83166800000015	49.170839500000056
238.16963800000016	45.29349950000006
232.75997800000016	43.21370950000006
229.65727800000016	47.15324950000006
232.64568800000015	52.221269500000055
232.37150200000016	58.050359500000056
231.34243200000017	65.13947950000005
230.31336200000018	72.22860950000005
229.2842920000002	79.31773950000004
232.0253720000002	79.78471950000005
231.2167000000002	84.97194950000005
230.1501700000002	92.30203950000005
229.1149000000002	99.63654950000004
228.2886340000002	106.99709950000005
227.8521810000002	114.39021950000004
227.9840030000002	121.79396950000005
231.3647530000002	116.33274950000005
234.7455030000002	110.87152950000005
238.12625300000022	105.41030950000005
241.50701300000023	99.94908950000006
244.88777300000024	94.48785950000006
250.93458300000023	97.52537950000006
256.63053300000024	101.18364950000006
262.1013630000002	105.17337950000005
267.51821300000023	109.23665950000006
273.06076300000024	113.12536950000006
274.79448300000024	119.51845950000006
276.52820300000025	125.91153950000006
278.2619330000002	132.30462950000006
279.99565300000023	138.69771950000006
278.0452130000002	131.97954950000008
276.09478300000023	125.26138950000008
274.1443430000002	118.54321950000008
272.1939030000002	111.82504950000008
265.5840830000002	107.38239950000008
258.9742730000002	102.93974950000008
252.3644530000002	98.49709950000008
245.75463300000018	94.05444950000008
242.11383300000017	99.34229950000008
238.47302300000018	104.63014950000009
234.83222300000017	109.91799950000009
231.19141300000018	115.20585950000009
227.5506030000002	120.49371950000008
223.66644300000019	115.14772950000008
219.87147300000018	109.73677950000008
215.57353300000017	104.72503950000008
209.64441300000016	103.36031950000007
203.74248300000016	101.88659950000007
198.07734300000016	99.68905950000007
192.79353300000017	101.81150950000007
187.25881300000017	101.10200350000007
181.38904300000019	99.62198350000007
175.61718300000018	97.79425350000007
169.90439300000017	95.78817350000007
170.89848200000017	99.72286350000007
171.00593300000017	95.64106350000007
176.26544300000018	98.08463350000007
180.8281630000002	96.71039350000007
183.8483530000002	91.26209350000006
189.0836730000002	88.31151350000006
196.1137730000002	86.08843350000006
203.1190730000002	83.79134350000007
209.6378730000002	80.38562350000007
212.2446730000002	74.44587350000006
214.7824730000002	68.47600350000006
217.50850300000022	62.59053350000006
220.67300300000022	56.930863500000065
224.4880730000002	51.69086350000006
227.20683300000022	47.63601350000006
230.15116300000022	48.11079550000006
232.31405300000023	52.80201550000006
231.96369100000024	57.88269550000006
230.78160100000025	64.73876550000006
229.59952100000024	71.59484550000006
228.41745100000023	78.45092550000007
232.14095100000023	79.64373550000006
231.47890500000022	85.29298550000006
230.77992600000022	92.07304550000006
230.0809490000002	98.85311550000006
229.38197300000022	105.63317550000006
228.6829950000002	112.41325550000006
227.9840150000002	119.19333550000006
223.3607450000002	113.84770550000006
218.73747500000022	108.50206550000006
214.11420500000023	103.15642550000005
206.31245500000023	102.07284550000006
198.51071500000023	100.98927550000006
203.31384500000024	105.40057550000006
208.03587500000023	109.89952550000005
212.94991500000023	114.18556550000005
218.30851500000023	117.89303550000005
223.04242500000024	119.10845550000005
225.81680500000024	123.52763550000004
230.29870500000024	126.63168550000005
229.77136800000025	131.64389550000004
225.85675800000024	131.88307950000004
228.10995800000023	131.70239550000002
223.99990800000023	130.59081550000002
219.83933800000023	129.19246550000003
219.83026275000023	133.0492455
221.26575275000022	137.72251550000001
216.8669827500002	139.27224550000003
212.67388275000022	139.56459250000003
215.45112275000022	137.72574250000002
212.82172275000022	133.22596250000004
210.29874275000023	129.54297250000005
207.44620275000023	132.57874250000006
205.77942275000024	136.48924250000007
202.56499275000024	133.92999250000008
203.77852275000023	133.5737655000001
200.38886275000024	130.89598550000008
202.06197275000025	125.95998550000007
205.16877275000024	121.55525550000007
202.23773275000025	115.24318550000007
197.17207275000024	110.49285550000006
190.97296275000025	108.97119550000006
184.36323275000024	110.53115550000007
180.44437275000024	112.37081550000006
178.28388275000023	114.85910550000007
177.03836275000023	113.89279950000007
179.07855275000023	118.56006950000007
181.02808275000024	122.94451950000007
183.19608275000024	119.91578950000007
184.85545275000024	115.22017950000007
185.78416875000025	113.05741950000007
184.24560875000026	118.39872950000006
182.87707875000027	123.77936950000006
184.13091875000026	129.08945950000006
186.52504875000025	135.05697950000007
188.38945875000024	141.20155950000006
188.54171475000024	147.59657950000005
188.60874025000024	154.37338950000006
188.12545625000024	161.12605950000005
186.07690625000023	167.55830950000006
183.81659625000023	173.98195950000007
179.31756625000023	178.93371950000008
174.31171625000022	183.23339950000008
169.0399162500002	187.19124950000008
162.9693462500002	189.69805950000008
156.5736662500002	192.22147950000007
150.0292262500002	194.32892950000007
143.35941625000018	195.99739950000009
136.59202625000017	197.2108695000001
129.65636625000016	198.3264695000001
122.70953625000016	199.37042950000009
115.75711625000015	200.37668950000008
108.80415625000015	201.3792295000001
101.85565625000015	202.4120395000001
100.93462025000015	208.5254595000001
96.91654025000015	212.4111595000001
92.13051025000016	210.9458595000001
90.70452025000016	216.6173595000001
93.69995025000016	220.24973950000012
97.14842025000016	221.76419950000013
97.51379225000015	215.49189950000013
94.27579225000015	210.72792950000013
90.82572225000015	211.42359750000014
88.99270225000015	216.28179750000015
83.67461225000015	218.86146750000015
80.47640225000015	224.46326750000014
79.14067225000015	218.90858750000015
80.96429225000016	213.68119750000017
84.08492225000016	209.60417750000016
87.51306225000016	213.43170750000016
85.49935225000016	218.10871750000015
82.73118225000016	222.47679750000015
80.66797225000016	220.61604750000015
78.42222225000016	216.12478750000014
74.12356225000016	217.22724750000015
71.42077225000017	218.87092750000014
71.12827925000018	213.05802750000012
74.11607925000018	208.48003750000012
76.74677925000019	212.88666750000013
76.22318325000019	210.62520750000013
72.7517132500002	209.12898750000014
70.64863325000019	207.02628750000014
72.80220325000019	201.54481750000014
74.83175325000019	196.01806750000014
75.83882325000019	190.23069750000013
71.84481325000019	189.11809750000015
66.16982325000019	191.28731750000014
58.822143250000195	192.85974750000014
51.337473250000194	193.43179450000014
43.928363250000196	192.30918450000013
38.35468325000019	191.01398450000013
34.42588325000019	186.96571450000013
35.18223225000019	188.68225450000014
37.81102225000019	192.86819450000013
41.04655225000019	197.87379450000012
46.08754225000019	200.8228145000001
53.28289225000019	203.7870045000001
60.954762250000186	204.25089750000012
65.44575225000018	204.00159050000013
69.92261225000018	203.74865750000012
63.942112250000186	204.02368050000013
57.967942250000185	204.44622250000012
52.01901225000019	203.9134575000001
45.227772250000186	200.4800075000001
38.742412250000186	196.5343375000001
36.528902250000186	191.0574875000001
34.66365225000018	185.4637475000001
35.18304425000019	179.6550175000001
37.440604250000185	173.0285975000001
41.60617425000019	167.3323775000001
45.75045425000019	161.6214175000001
50.37813425000019	156.8502775000001
56.37518425000019	153.84020750000008
62.38250425000019	150.8492875000001
70.28859425000019	150.6032785000001
78.19423425000019	150.5339936000001
85.7320342500002	152.7410236000001
88.6698142500002	156.3245536000001
85.7935042500002	161.4397236000001
81.11086425000019	163.41004360000008
75.78791425000018	163.71300060000007
69.74164425000018	164.20177060000006
63.69394425000018	164.67264060000005
57.64574425000018	165.13713060000006
64.58063425000017	164.48698560000005
71.51551425000017	163.83684160000004
78.45040425000016	163.18669660000003
85.38529425000016	162.53655160000002
82.47870425000016	168.26022160000002
79.65227425000016	174.02324160000003
77.36960425000017	180.01825160000004
76.13497425000017	186.30660160000005
77.68410425000017	182.69408160000006
79.27851425000017	178.32441160000005
81.54654425000017	172.07080160000004
83.83943425000017	165.82644160000004
86.63907425000016	159.79632160000003
90.36969425000017	154.30133160000003
94.35412425000017	148.47203160000004
100.17584425000017	144.72305160000005
105.04816425000017	142.73597160000006
109.47159425000017	145.13737160000005
114.36359425000016	148.96705160000005
118.77519425000017	153.29433160000005
118.90505625000017	159.91258160000004
119.11852825000017	166.52926160000004
118.83779425000017	173.13962160000005
115.40537425000018	179.38447160000004
111.34067425000018	185.23410160000003
106.46241425000018	190.42007160000003
102.85878425000018	194.24892160000002
99.25515425000019	198.07776160000003
102.71291425000018	195.01292160000003
103.08395325000018	200.53746160000003
103.46845125000017	195.75241160000002
105.46388125000017	190.95075160000002
113.23296125000017	190.84126160000002
120.84322125000017	192.59090160000002
128.46132125000017	194.30269160000003
135.06741125000016	194.95157260000002
141.73132125000015	194.61033160000002
135.28258125000016	193.94020160000002
128.82280125000017	193.38419160000004
122.36401125000017	192.81705760000003
115.91893125000017	192.11301160000002
109.50939125000016	191.1401916
106.03954125000017	187.23004160000002
110.15325125000017	183.36893160000002
114.92401125000016	179.54847160000003
119.22034125000016	175.24645160000003
119.45197125000016	168.01547160000004
119.73557225000016	160.78645160000005
120.22991725000016	153.56917160000006
121.09388625000015	146.38744160000007
122.47971625000015	139.28884160000007
125.89875625000015	133.94205160000007
129.69743625000015	128.85543160000006
133.61045625000014	123.85549160000006
137.39710625000015	118.75997160000007
143.60959625000015	116.30387160000006
149.82209625000016	113.84777160000006
156.03458625000016	111.39166160000006
162.71332625000016	114.82275160000006
169.43429625000016	118.17180160000007
175.89193625000016	121.99601160000006
179.17154625000015	127.91540160000005
182.46546625000013	133.82688160000006
185.69496625000014	139.77369160000006
188.77970625000015	145.79667160000005
191.63594625000016	151.93099160000006
194.17648625000015	158.20222160000006
196.08721625000015	156.37483160000005
199.69771625000016	159.77592160000006
204.95977625000015	164.84652160000007
209.85417625000014	170.26952160000008
213.99335625000015	176.28239160000007
216.79636625000015	181.62273160000007
222.34778625000015	181.25338260000007
228.57117625000015	179.36251260000006
234.78980625000014	177.45646260000007
240.80660625000013	174.99780260000006
246.28601625000013	171.51603260000005
250.65094625000012	167.25359260000005
253.00966625000012	162.19725260000004
248.22898625000013	161.12017260000005
243.83201625000012	159.25140260000003
245.57943625000013	153.24303260000002
245.27188925000013	146.99695260000001
242.72066925000013	141.2984126
247.41575925000012	144.1360526
248.94958925000012	140.5663026
246.69511925000012	135.9313326
247.5300262500001	132.6485726
251.40900625000012	128.2263226
252.03911425000013	122.3132526
250.48937425000014	116.2023426
250.03459625000013	109.89919259999999
249.65553925000015	103.58996259999999
255.07040925000015	103.26219259999999
258.56907925000013	107.38477259999999
260.0578692500001	112.6920026
262.43249925000015	108.3014326
265.2207592500001	112.6744026
264.4926272500001	118.25476259999999
264.5366296500001	123.81667259999999
262.21824965000013	120.9562426
258.5920196500001	117.15626259999999
254.5191196500001	115.4121926
255.6474496500001	120.43850259999999
257.3219396500001	126.4522226
255.7181496500001	132.0590526
254.1381496500001	136.3364326
258.5841996500001	135.3170226
259.3335196500001	129.2039526
264.0208296500001	129.3624316
265.8854696500001	125.34891160000001
267.41130965000013	125.9662066
267.79611665000016	131.2752366
262.98352665000016	134.6885366
263.96130565000016	138.4870866
269.3811456500002	139.54533659999998
273.0789256500002	145.8583266
271.0498956500002	152.7319366
265.8181356500002	156.7689666
262.65845565000023	161.9675566
259.20897565000024	164.7547566
254.63999565000023	166.8707666
249.61254565000024	172.6859266
244.38065565000025	178.3105866
237.89099565000026	182.35039659999998
232.21432565000026	185.4773966
226.10751565000027	187.6528866
219.76114565000026	188.9865366
215.88965565000026	187.5768166
216.28140465000027	182.0407866
215.55902065000026	187.81986659999998
214.83663965000025	193.59895659999998
214.11425465000025	199.37804659999998
220.02969465000024	196.82814659999997
226.02006465000025	194.45695659999996
231.93617465000025	191.90857659999995
237.59170465000025	188.83122659999995
242.68806465000026	184.84013659999994
247.35534465000026	180.36445659999993
250.91793465000026	174.98369659999992
253.97088465000027	170.27705659999992
257.0238246500003	165.57042659999993
252.84180465000028	171.52320659999992
248.71984465000028	177.51825659999992
244.2489546500003	183.2544565999999
238.3087046500003	186.47915659999992
232.3684446500003	189.70385659999994
226.4281946500003	192.92855659999995
220.4879346500003	196.15325659999996
214.54767465000032	199.37795659999998
217.22402465000033	204.5334466
217.87412065000032	210.2519166
223.48653065000033	210.4970426
221.83675065000034	206.50936259999997
217.90623065000034	207.45924959999996
217.46059565000033	212.48143959999996
218.80111565000033	216.11457959999996
214.31773565000032	214.45957959999996
209.7504656500003	212.03790959999995
211.51366565000032	207.17970959999994
215.09478565000032	208.49409959999994
212.87246565000032	207.37292959999994
209.62615565000033	208.93578959999994
208.47964565000032	213.83460959999994
204.59917565000032	213.58099959999993
200.2878056500003	211.3189595999999
200.9332916500003	207.60874959999992
205.88442165000032	206.17555959999993
207.71099165000032	208.34016959999994
205.0121716500003	204.14569959999994
200.83606165000032	208.99940959999995
195.00532165000033	209.39793259999996
190.1453216500003	207.45215259999995
188.1950616500003	202.67203259999994
187.4389176500003	196.55148259999993
184.1542976500003	191.79351259999993
177.2214976500003	188.80365259999994
169.90431765000028	186.80850259999994
167.6214776500003	189.50433259999994
172.23309765000027	191.05222259999994
178.77073765000029	192.68695259999993
185.5077876500003	193.30995759999993
187.7300476500003	198.62800759999993
183.9463376500003	200.67827759999994
177.2963676500003	200.74108599999994
170.6695276500003	200.26190999999994
164.3129576500003	198.38022999999995
158.1019476500003	196.35644999999997
151.82431765000032	194.55300999999997
145.42471765000033	193.25657999999999
138.91685765000034	192.75838299999998
131.06022765000034	192.02941499999997
123.20359765000035	191.30044899999996
115.34695765000035	190.57148199999995
107.49031765000035	189.84251299999994
111.34800765000035	184.32291299999994
115.28860765000036	178.86113299999994
118.73156765000036	173.07921299999992
118.45188065000036	165.80853299999993
118.17219565000036	158.53784299999992
117.89250765000037	151.26715299999992
113.70268765000037	147.65522299999992
109.51285765000037	144.04329299999992
105.32302765000037	140.43136299999992
108.87714765000037	134.79677299999992
112.43126765000036	129.1621829999999
115.98538765000036	123.52759299999991
119.53951765000036	117.89300299999991
123.09364765000036	112.2584129999999
121.29876765000036	107.3959929999999
115.86080765000035	107.05725599999991
116.26849265000035	111.89528599999991
117.84616265000035	116.76735599999991
116.69901265000036	113.74986599999991
115.14740265000036	109.3688959999999
112.19247265000035	105.51558599999991
106.96936265000035	107.4001459999999
100.75659265000034	111.9075259999999
95.35405265000034	117.4595859999999
99.72920265000035	122.3866959999999
101.29106265000034	128.7673759999999
98.82148265000035	134.7968059999999
94.60627265000035	136.8824459999999
93.76838865000035	133.9326459999999
95.12281865000034	132.9444439999999
91.32791865000034	128.8771039999999
86.59186865000034	128.75823099999988
86.25199665000034	133.71324099999987
82.36930665000034	136.34965099999988
79.31710665000034	132.77414099999987
80.50126665000035	127.56530099999988
81.52232665000035	122.94858099999988
77.67974665000035	125.46945099999988
76.53087665000035	130.08153099999987
72.79903665000035	127.76243099999986
76.13859665000035	127.57296299999986
74.14784665000035	126.67296499999986
69.19481665000035	125.33771499999986
74.02430665000034	121.50814499999986
78.01948665000035	116.87808499999986
84.56216665000035	114.74780499999986
90.28638665000035	111.37798499999985
93.79099665000035	106.36015499999985
97.81145665000035	101.78824499999985
103.96329665000036	101.30986399999985
110.07259665000036	100.44746999999985
116.09348665000036	99.10293999999985
121.95926665000036	97.19416999999984
125.78680665000036	94.61603999999984
122.95273665000036	90.14230999999984
118.046	86.2977
113.096	82.5093
107.822	79.1948
102.062	76.8393
95.0403	73.9217
87.9864	71.0826
85.7446	63.7696
83.453	56.4721
81.112	49.1902
78.7221	41.9242
76.2837	34.6744
71.69565	32.73791
72.460041	36.35853
74.880491	42.52789
75.01486100000001	49.21728
74.98340150000001	55.912530000000004
73.03296150000001	61.54713
71.08252150000001	67.18173
73.96486150000001	62.80709
74.31005350000001	65.10745
72.71278350000001	71.71867
70.95307350000002	78.28921
69.34007350000002	84.89668
68.19811350000002	91.59960000000001
68.83330350000001	97.76760000000002
69.49505450000001	103.93280000000001
70.2156745	110.09135000000002
74.2714845	106.21131000000003
78.2529145	102.25333000000002
82.6430245	98.76644000000002
88.2473445	98.35066300000001
93.84506449999999	97.84452700000001
99.4602245	97.86996620000001
101.5687945	99.94439620000001
96.7374545	99.48796120000002
91.2198	98.977
85.7022	98.4661
80.1846	97.9553
77.0061	102.29
73.8278	106.624
70.6492	110.958
66.4231	104.24
62.1972	97.5218
57.9713	90.8037
53.7454	84.0855
46.7721	81.428
39.4717	81.6236
31.7469	83.0805
25.2577	87.1821
20.5407	91.4998
16.1447	96.1325
13.2738	101.802
10.8589	106.907
8.87822	112.185
8.66861	117.786
8.02984	121.743
5.85131	117.46
3.0008	110.177
2.2937	102.34
1.73372	94.4878
2.56535	88.6358
3.91049	82.8905
6.97542	77.8865
10.3557	72.9247
13.437	67.7727
16.0613	62.3749
18.0643	56.7185
20.05116	51.29381
24.21201	47.62994
30.003239999999998	44.62141
35.79678	41.617279999999994
41.272099999999995	38.07563
45.95882999999999	33.55513
51.183229999999995	28.385579999999997
57.882569999999994	26.124069999999996
64.73863999999999	25.651236999999995
71.59472	25.178403999999993
78.4508	24.705570999999992
77.545781	27.59456099999999
80.641501	24.03641099999999
84.31389100000001	19.81998099999999
87.98628100000002	15.603550999999992
88.69913700000002	20.927960999999993
85.40229700000002	25.672600999999993
82.71541700000002	29.465450999999995
82.35169400000002	30.990350999999993
79.96627400000003	32.132380999999995
75.41681400000003	35.107941
67.7113	33.4488
60.1441	34.9297
54.0986	37.1504
48.0893	39.4653
42.3006	42.2797
37.0149	45.9437
31.6994	49.521
26.5089	53.2676
23.0263	58.5648
19.5184	65.1876
15.9824	71.7957
12.989	78.6619
11.1691	85.9193
9.37777	93.27040000000001
7.47255	100.59394
6.289	108.06074000000001
6.9817089999999995	112.70081
8.027749	117.20227
9.921669	111.41531
11.815579	105.62836
13.709499	99.84140000000001
15.603418999999999	94.05444000000001
21.237999	90.69534000000002
26.872578999999998	87.33625000000002
32.507169	83.97715000000002
38.141759	80.61805000000003
45.776389	81.67423000000002
53.261019000000005	83.40324000000003
57.39130900000001	90.07526000000003
61.52159900000001	96.74727000000003
65.65189900000001	103.41929000000003
69.78219900000002	110.09131000000004
74.54992900000002	106.04595000000003
79.31766900000002	102.00059000000003
84.08540900000003	97.95523000000003
91.27878900000003	98.44956100000003
98.47183900000003	98.94925500000004
105.67817900000003	98.88620200000004
112.77852900000003	97.69517200000004
118.78073900000004	96.62966200000004
124.80826900000004	95.72029200000004
130.87230900000003	95.10490500000004
136.96395900000002	94.92119700000005
134.182699	88.46359700000005
128.99415900000002	84.33027700000005
122.16139900000002	82.37229700000005
115.66794900000002	79.47803700000004
109.55950900000002	75.83747700000005
104.23655900000001	72.69471700000005
98.85599900000001	69.64929700000005
93.83469900000001	66.05538700000005
91.62479900000001	59.085707000000056
89.414899	52.11602700000006
87.204999	45.14634700000006
84.995099	38.17665700000006
82.78519899999999	31.206967000000063
84.60560899999999	37.968477000000064
86.42601899999998	44.72999700000006
88.24642899999998	51.49151700000006
90.06683899999997	58.253037000000056
91.88724899999997	65.01455700000005
98.31644899999996	68.33753700000005
104.74565899999996	71.66051700000006
111.17486899999996	74.98349700000006
117.60407899999996	78.30647700000006
124.03329899999996	81.62945700000006
130.46251899999996	84.95243700000006
133.92996899999997	89.93688700000006
137.39741899999999	94.92133700000005
138.93930899999998	87.47144700000005
140.14436899999998	79.96553700000005
139.48575899999997	72.42237700000005
138.67393499999997	65.67249700000005
137.75568299999998	58.93637700000005
136.64353299999996	52.22975700000005
135.25115299999996	45.57598700000005
133.49655299999995	39.00883700000005
126.63500299999995	37.74119700000005
119.87357299999995	36.046187000000046
113.77545299999996	32.72411700000005
108.66288299999995	29.59113700000005
106.98247299999996	24.12712700000005
106.42451099999995	18.39984700000005
110.95815099999996	17.77080200000005
115.18113099999997	14.20965200000005
117.96233099999996	17.45420200000005
121.44867099999996	14.925142000000049
119.47832099999997	12.73786200000005
122.02851099999997	15.07455200000005
126.85062099999996	17.62633200000005
133.36062099999995	20.28550200000005
139.87030099999996	22.94530200000005
145.68465099999995	26.85859200000005
142.53430099999994	25.51879200000005
138.38813099999993	23.405382000000053
131.26750099999992	19.793452000000052
124.14686099999993	16.18151200000005
117.02622099999994	12.56958200000005
111.29673099999994	15.914532000000051
104.90180099999994	15.88474500000005
103.481	11.0326
103.59	5.63459
103.59	5.63459
