180.15	2.31556
175.05577	1.620892
169.96153999999999	0.926224
166.02508999999998	4.168004
162.08863999999997	7.409784
160.54492999999997	11.732164000000001
159.00121999999996	16.054544
157.45750999999996	20.376924
156.06817999999996	25.008043999999998
154.67884999999995	29.639163999999997
153.28951999999995	34.270284
152.36329499999997	38.206734
151.43706999999998	42.143184
152.36329499999997	46.311194
153.28951999999995	50.479204
151.43706999999995	55.110324000000006
149.58461999999994	59.74144400000001
147.26906999999994	63.21478400000001
144.95350999999994	66.688124
144.25883999999994	69.92990400000001
143.56416999999993	73.17168400000001
140.78549999999993	74.32946400000002
138.00682999999992	75.48724400000002
134.53348999999992	76.18191200000001
131.0601499999999	76.87658
130.1339299999999	81.04459
127.1237099999999	82.66548
124.1134799999999	84.28637
123.18724999999989	88.91749
119.7139099999999	92.39083
116.2405799999999	95.86416999999999
112.3041299999999	99.56906999999998
108.36767999999991	103.27396999999998
106.9783399999999	107.44196999999998
105.5889999999999	111.60996999999999
104.1996599999999	115.77797
101.11224999999989	120.87219999999999
98.02483999999988	125.96642999999999
94.93742999999988	131.06065999999998
92.34399999999988	135.96964999999997
89.75056999999988	140.87863999999996
87.15713999999988	145.78762999999995
84.56370999999989	150.69661999999994
81.97027999999989	155.60560999999993
79.19160999999988	157.68960999999993
76.41293999999988	159.77360999999993
73.17115999999987	162.78383999999994
69.92937999999987	165.79406999999995
68.23129999999986	170.11644999999996
66.53321999999986	174.43882999999997
64.83513999999985	178.76120999999998
61.014469999999854	181.42409999999998
57.193799999999854	184.08699
53.373129999999854	186.74988
49.552459999999854	189.41277
45.38444999999985	188.02343
41.21643999999985	186.6341
36.70109999999985	185.707875
32.185759999999846	184.78165
27.670419999999844	183.85542500000003
23.155079999999842	182.92920000000004
20.376409999999844	186.63410000000005
25.625009999999843	188.94966000000005
30.873609999999843	191.26522000000006
36.12220999999984	193.58078000000006
32.64886999999984	191.95989000000006
29.17552999999984	190.33900000000006
24.775969999999838	192.88612000000006
20.376409999999836	195.43323000000007
17.59773999999984	196.82256000000007
14.819069999999838	198.21190000000007
10.805429999999838	199.60124000000008
6.791789999999838	200.99058000000008
2.7781499999998385	202.37992000000008
1.8519259999998385	207.0110300000001
7.254895999999839	205.3129500000001
12.657865999999839	203.61487000000008
18.06083599999984	201.91679000000008
14.04719599999984	204.84983000000008
10.033555999999841	207.7828700000001
6.019915999999841	210.7159100000001
3.2412459999998413	213.4945800000001
0.46257599999984134	216.2732500000001
3.2412459999998413	217.6625800000001
6.019915999999841	219.0519200000001
9.49325599999984	216.9679200000001
12.966595999999841	214.8839100000001
18.060825999999842	212.3368000000001
23.155055999999842	209.7896800000001
19.334385999999842	212.2210200000001
15.513715999999842	214.6523600000001
11.693045999999843	217.0837000000001
7.872375999999843	219.5150400000001
9.261715999999844	221.83060000000012
13.545495999999844	220.20971000000011
17.829275999999844	218.5888200000001
22.113055999999844	216.9679300000001
26.396835999999844	215.3470400000001
21.456975999999845	218.2800800000001
16.517115999999845	221.21312000000012
11.577255999999846	224.14616000000012
13.429705999999845	225.53549000000012
17.366155999999844	223.91460000000012
21.302605999999844	222.29371000000012
25.933725999999844	220.9043700000001
30.564845999999843	219.5150400000001
35.02211599999984	218.62292800000012
39.49232599999984	217.79838100000012
43.995085999999844	217.1994800000001
48.02930599999984	214.94531000000012
51.64281599999984	211.99011000000013
55.10976599999984	208.86347000000012
59.97243599999984	206.7794600000001
64.83510599999984	204.6954600000001
69.92933599999984	202.3799000000001
75.02356599999983	200.0643400000001
80.11779599999983	197.7487800000001
85.05765599999982	195.2788500000001
89.99751599999982	192.8089200000001
94.93737599999982	190.33899000000008
96.94419599999982	186.78847000000007
98.95101599999983	183.23795000000007
100.95783599999983	179.68743000000006
104.04524599999984	176.60002000000006
107.13265599999984	173.51261000000005
110.22006599999985	170.42520000000005
112.76717599999985	166.95186000000004
115.31429599999986	163.47853000000003
118.71044599999986	160.39112000000003
122.10659599999987	157.30371000000002
125.50274599999987	154.21630000000002
126.54474599999988	149.46941
127.58674599999988	144.72252
128.62874599999986	139.97563
129.67074599999987	135.22872999999998
131.29163599999987	129.90294999999998
132.91252599999987	124.57715999999998
131.52318599999987	130.28886999999997
130.13384599999986	136.00057999999999
128.74450599999986	141.71229
129.36198899999985	146.96089
129.97947199999984	152.20949000000002
130.59695499999984	157.45809000000003
131.52317999999983	161.85765000000004
132.4494049999998	166.25722000000005
129.3619949999998	169.19026000000005
126.2745849999998	172.12330000000006
123.1871749999998	175.05634000000006
121.7978349999998	178.76123000000007
120.40850499999979	182.46613000000008
123.6502849999998	178.29813000000007
126.8920649999998	174.13012000000006
130.1338449999998	169.96212000000006
133.37562499999981	165.79412000000005
138.00674499999982	163.24701000000005
142.63786499999983	160.69990000000004
147.26898499999984	158.15278000000004
151.90010499999985	155.60567000000003
155.60499499999986	152.82700000000003
159.30988499999987	150.04833000000002
163.01477499999987	147.26966000000002
166.71967499999988	144.49099
170.4245649999999	143.10166
174.1294649999999	141.71232
176.9081349999999	136.61809
179.6868049999999	131.52385999999998
182.4654749999999	126.42962999999999
185.24414499999992	121.33539999999999
187.55970499999992	116.88953
189.87526499999993	112.44366
192.19082499999993	107.99779
194.50638499999994	103.55192
196.82194499999994	99.10605
198.55861499999995	94.01182
200.29528499999995	88.91759
202.03195499999995	83.82336000000001
203.76862499999996	78.72913000000001
208.86285499999997	80.11846000000001
206.85603499999996	85.67580000000001
204.84921499999996	91.23314
202.84239499999995	96.79048
205.46669499999996	92.15936
208.09099499999996	87.52824000000001
210.71529499999997	82.89712000000002
215.34640499999998	86.60201000000002
219.97752499999999	90.30690000000003
218.00929499999998	95.22746000000002
216.04107499999998	100.14802000000002
214.07285499999998	105.06858000000001
212.10463499999997	109.98914
210.13641499999997	114.9097
208.16818499999997	119.83026
206.19996499999996	124.75081999999999
204.23173499999996	129.67138
206.67961499999996	124.24636
209.12749499999995	118.82133999999999
211.57537499999995	113.39631999999999
214.02325499999995	107.97129999999999
216.47113499999995	102.54627999999998
218.91901499999994	97.12125999999998
221.36689499999994	91.69623999999997
219.51444499999994	96.97570999999998
217.66199499999993	102.25517999999998
215.80954499999993	107.53464999999998
213.95709499999992	112.81411999999999
212.10464499999992	118.09358999999999
210.25219499999992	123.37306
208.3997449999999	128.65252999999998
206.5472949999999	133.932
204.6948449999999	139.21147
202.8423949999999	144.49094
200.5268349999999	148.19584
198.2112749999999	151.90074
195.89571499999988	155.60564000000002
195.20104699999987	160.81565000000003
194.50637899999987	166.02566000000004
193.81171099999986	171.23567000000006
193.11704399999985	176.44568000000007
195.33998399999984	171.25883000000007
197.56292399999984	166.07198000000008
199.78586399999983	160.8851300000001
202.00880399999983	155.6982800000001
204.23174399999982	150.5114300000001
206.45468399999982	145.3245800000001
208.6776239999998	140.13773000000012
210.9005639999998	134.95088000000013
213.1235039999998	129.76403000000013
215.3464439999998	124.57718000000014
217.5693839999998	119.39033000000015
219.79232399999978	114.20348000000016
222.01526399999977	109.01663000000016
224.23820399999977	103.82978000000017
226.46114399999976	98.64293000000018
224.14558399999976	96.09582000000017
221.83002399999975	93.54871000000017
224.14558399999976	96.55894000000018
226.46114399999976	99.56917000000018
224.09110399999977	105.07203000000018
221.72106399999979	110.57489000000018
219.3510239999998	116.07775000000018
216.9809839999998	121.58061000000018
214.61094399999982	127.08347000000018
212.24090399999983	132.58633000000017
209.87086399999984	138.08919000000017
207.50082399999985	143.59205000000017
205.13078399999986	149.09491000000017
202.76074399999987	154.59777000000017
200.3907039999999	160.10063000000017
198.0206639999999	165.60349000000016
195.6506239999999	171.10635000000016
193.28058399999992	176.60921000000016
190.91054399999993	182.11207000000016
188.54050399999994	187.61493000000016
186.17046399999995	193.11779000000016
184.39520399999995	197.82609000000016
182.61994399999995	202.53439000000017
180.84468399999994	207.24269000000018
179.06942399999994	211.9509900000002
177.29416399999994	216.6592900000002
175.51890399999994	221.3675900000002
172.56656399999994	226.23026000000021
169.61422399999995	231.09293000000022
166.66188399999996	235.95560000000023
163.70954399999997	240.81827000000024
160.75720399999997	245.68094000000025
157.80486399999998	250.54361000000026
154.852524	255.40628000000027
151.900184	260.26895000000025
149.121514	265.0853100000002
146.34284399999999	269.9016700000002
143.56417399999998	274.71803000000017
140.78550399999997	279.53439000000014
138.00683399999997	284.3507500000001
133.68445399999996	286.8206800000001
129.36207399999995	289.2906100000001
125.03969399999995	291.76054000000005
120.56294399999996	290.988687
116.08619399999996	290.216834
111.60944399999997	289.444981
107.20988399999997	285.971641
102.81031399999998	282.49830099999997
100.49475399999997	279.102151
98.17919399999997	275.706001
95.86363399999996	272.30985100000004
93.43229399999996	268.48918100000003
91.00095399999995	264.668511
88.56961399999994	260.847841
86.13827399999994	257.027171
84.63316399999994	251.585611
83.12805399999993	246.144051
81.62294399999993	240.70249099999998
80.11783399999993	235.26092099999997
79.19160999999993	230.16669099999996
78.26538599999992	225.07246099999995
77.33916199999992	219.97823099999994
76.41293799999991	214.88400099999993
75.4867139999999	209.78977099999992
75.4867139999999	205.1586609999999
75.4867139999999	200.5275409999999
80.4651639999999	197.2857609999999
85.4436139999999	194.0439809999999
90.42206399999989	190.80220099999988
95.40051399999989	187.56042099999988
98.77461399999989	183.65705099999988
102.14871399999988	179.7536809999999
105.52281399999988	175.8503109999999
108.89691399999988	171.9469409999999
112.27101399999988	168.0435709999999
115.64511399999988	164.1402009999999
119.01921399999988	160.2368309999999
117.62987399999987	165.56262099999992
116.24053399999987	170.88841099999993
114.85119399999986	176.21420099999995
113.46185399999986	181.53999099999996
114.07933699999987	186.17111099999997
114.69681999999986	190.80223099999998
115.31430299999985	195.433351
120.13066299999986	193.30304099999998
124.94702299999986	191.17273099999997
129.76338299999986	189.04242099999996
134.57974299999987	186.91211099999995
139.39610299999987	184.78180099999994
141.01700299999987	182.00313099999994
142.63789299999988	179.22446099999993
145.87967299999988	175.42694099999994
149.1214529999999	171.62942099999995
152.3632329999999	167.83190099999996
155.6050129999999	164.03438099999997
158.8467929999999	160.23686099999998
155.1419029999999	164.46275099999997
151.4370129999999	168.68865099999996
147.7321229999999	172.91455099999996
144.02723299999988	177.14044099999995
140.32234299999988	181.36634099999995
136.61745299999987	185.59224099999994
132.91256299999986	189.81814099999994
129.20767299999986	194.04404099999994
123.65033299999986	194.27560099999994
118.09298299999986	194.50716099999994
112.53564299999987	193.11782099999994
112.07253299999986	197.98049099999994
111.60942299999986	202.84317099999996
113.23031299999987	208.16895099999996
114.85120299999987	213.49474099999998
117.16676299999988	218.125861
119.48232299999988	222.756981
121.79788299999989	227.388101
125.73433299999988	231.324551
129.6707829999999	235.26100100000002
133.8387829999999	233.40855100000002
138.0067929999999	231.55611100000002
142.3291729999999	227.542471
146.65155299999992	223.528831
150.97393299999993	219.515191
153.98416299999994	214.42096099999998
156.99438299999994	209.32673099999997
160.00460299999995	204.23250099999996
163.01482299999995	199.13827099999995
165.56194299999996	194.58434099999994
168.10906299999996	190.03041099999993
170.65617299999997	185.47648099999992
173.20328299999997	180.9225509999999
175.75039299999997	176.3686209999999
178.29750299999998	171.8146909999999
174.82416299999997	175.9826909999999
171.35082299999996	180.1506909999999
167.87748299999996	184.31869099999992
164.40414299999995	188.48669099999992
160.93080299999994	192.65469099999993
157.45746299999993	196.82270099999994
154.09990299999993	201.33804099999995
150.74234299999992	205.85338099999996
147.3847829999999	210.36872099999997
144.0272229999999	214.88406099999997
140.0135929999999	216.89088099999998
135.9999629999999	218.89770099999998
131.9863329999999	220.904521
127.1236629999999	218.35740099999998
122.2609829999999	215.81029099999998
121.3347629999999	210.71606099999997
126.89210299999989	211.17917099999997
132.4494429999999	211.64228099999997
135.9999629999999	209.17235099999996
139.5504829999999	206.70242099999996
143.1010029999999	204.23249099999995
146.6515229999999	201.29945099999995
150.20204299999992	198.36641099999994
153.75256299999992	195.43337099999994
156.53123299999993	191.72848099999993
159.30990299999993	188.02358099999992
161.31672299999994	184.16432099999992
163.32354299999994	180.3050609999999
165.33036299999995	176.4458009999999
160.83156299999996	179.8860609999999
156.33276299999997	183.3263209999999
151.83396299999998	186.7665809999999
147.335163	190.20684099999988
142.836363	193.64710099999988
138.33756300000002	197.08736099999987
133.83876300000003	200.52762099999987
128.28142300000002	200.06451099999987
122.72408300000002	199.60140099999987
126.73772300000002	198.52080099999986
130.75136300000003	197.44020099999986
134.76500300000004	196.35960099999986
138.93300300000004	193.46515099999985
143.10100300000005	190.57070099999984
147.26901300000006	187.67625099999984
151.43701300000006	184.78180099999983
154.44724300000007	181.19268099999982
157.45747300000008	177.60356099999981
160.46770300000009	174.0144409999998
163.4779330000001	170.4253209999998
166.4109730000001	165.6398309999998
169.3440130000001	160.85434099999978
172.2770530000001	156.06885099999977
175.21009300000011	151.28336099999976
178.14313300000012	146.49787099999975
181.07617300000013	141.71238099999974
177.83439300000012	143.56483099999974
174.5926130000001	145.41728099999975
170.1930530000001	149.46951099999976
165.7934930000001	153.52174099999976
161.3939330000001	157.57397099999977
156.99437300000008	161.62620099999978
153.44385300000008	166.3345009999998
149.89333300000007	171.0428009999998
146.34281300000006	175.7511009999998
142.79229300000006	180.45940099999981
139.24177300000005	185.16770099999982
135.69125300000005	189.87600099999983
129.97954300000004	190.80222399999982
124.26783300000004	191.72844699999982
118.55612300000004	192.6546699999998
116.24056300000004	188.7953999999998
113.92500300000003	184.9361299999998
111.60944300000003	181.07685999999978
113.57767300000003	175.63529999999977
115.54590300000004	170.19373999999976
117.51413300000004	164.75217999999975
119.48235300000005	159.31061999999974
116.24057300000004	163.67709999999974
112.99879300000003	168.04357999999974
109.75701300000003	172.41005999999973
106.51523300000002	176.77653999999973
103.27345300000002	181.14301999999972
100.03167300000001	185.50949999999972
96.789893	189.8759799999997
91.92722300000001	191.95997999999972
87.06455300000002	194.04397999999972
82.20188300000002	196.12797999999972
77.33921300000003	198.21197999999973
72.47654300000004	200.29597999999973
67.61387300000004	202.37997999999973
62.75120300000004	204.46397999999974
57.88853300000004	206.54797999999974
55.41860300000004	201.60811999999973
52.94867300000004	196.66825999999972
50.478743000000044	191.7283999999997
50.478743000000044	196.59106999999972
50.478743000000044	201.45374999999973
47.236963000000046	203.53774999999973
43.99518300000005	205.62175999999974
47.236963000000046	201.91686999999973
50.478743000000044	198.21196999999972
50.478743000000044	192.88618999999971
50.478743000000044	187.5603999999997
54.64675300000005	183.8555099999997
58.81476300000005	180.1506099999997
62.98277300000005	176.44571999999968
67.15078300000005	172.74082999999968
71.20301300000004	168.57282999999967
75.25524300000004	164.40481999999966
79.30747300000003	160.23681999999965
83.35970300000002	156.06881999999965
86.25415300000003	150.85880999999964
89.14860300000004	145.64879999999962
92.04305300000004	140.4387899999996
94.93750300000005	135.2287799999996
97.83195300000006	130.0187699999996
100.72640300000006	124.8087599999996
103.62085300000007	119.5987499999996
106.51530300000007	114.3887399999996
107.67308300000008	108.5998399999996
108.83086300000008	102.8109399999996
112.76731300000007	99.6849399999996
116.70376300000007	96.5589399999996
120.64021300000006	93.43293999999959
124.57666300000005	90.30693999999959
128.51311300000006	88.68604999999958
132.44956300000007	87.06515999999958
137.08068300000008	87.06515999999958
139.62779300000008	84.74959999999957
142.17490300000009	82.43403999999957
143.5642430000001	82.89715199999956
148.1953630000001	85.21271199999957
147.2691380000001	82.20248199999958
146.34291300000012	79.19225199999957
148.89003300000013	77.57136199999957
151.43714300000013	75.95047199999956
152.13181300000014	72.01402199999957
152.82648300000014	68.07757199999958
156.53137300000014	66.22512199999957
157.45759600000014	62.21148199999957
158.38381900000013	58.19784199999957
159.31004200000012	54.184201999999566
160.00471200000013	58.58376199999957
160.69938200000013	62.98332199999957
159.77315700000014	66.68821199999957
158.84693200000015	70.39310199999957
159.54159700000014	73.63488199999958
160.23626200000012	76.87666199999958
157.68915200000012	82.20245199999958
155.1420320000001	87.52824199999958
149.7390620000001	89.53506199999958
144.3360920000001	91.54188199999959
138.93312200000008	93.5487019999996
135.69134200000008	96.7904819999996
132.44956200000007	100.0322619999996
129.20778200000007	103.27404199999961
125.96600200000006	106.51582199999962
122.90946200000006	110.86907199999962
119.85292200000006	115.22232199999962
116.79638200000007	119.57557199999962
113.73984200000007	123.92882199999963
110.68330200000007	128.28207199999963
107.44152200000006	131.06074199999964
104.19974200000006	133.83941199999964
100.95796200000005	136.61808199999965
98.64240200000005	140.78609199999966
96.32684200000004	144.95410199999966
94.01128200000004	149.12211199999967
88.91705200000004	151.66922199999968
83.82282200000004	154.21634199999968
87.99083200000004	151.74641199999968
92.15884200000004	149.27648199999967
96.32685200000003	146.80655199999967
99.45286200000002	142.98588199999966
102.57887200000002	139.16521199999966
105.70488200000001	135.34454199999965
108.830892	131.52387199999964
112.07267200000001	127.04712199999965
115.31445200000002	122.57037199999965
118.55623200000002	118.09362199999966
122.35375200000003	113.74037199999965
126.15127200000003	109.38712199999965
129.94879200000003	105.03387199999965
133.74631200000002	100.68062199999964
137.543832	96.32737199999964
142.29072200000002	93.31714199999965
147.03761200000002	90.30691199999964
151.78450200000003	87.29668199999963
156.53140200000004	84.28645199999963
157.61199200000004	78.88348199999963
158.69258200000004	73.48051199999964
159.77317200000005	68.07754199999964
161.62562200000005	62.75175199999964
163.47807200000005	57.42596199999964
162.08873200000005	51.637061999999645
160.69940200000005	45.84816199999965
159.31006200000004	41.217041999999644
160.23628700000003	37.04903199999964
161.16251200000002	32.88102199999964
163.01495200000002	30.33391199999964
164.86740200000003	27.78680199999964
165.79362700000001	24.08191199999964
166.719852	20.37702199999964
170.887852	18.29302199999964
175.05586200000002	16.209021999999642
176.44520200000002	11.577901999999643
179.22387200000003	7.409891999999643
178.76076200000003	12.504121999999644
182.69721200000004	15.514351999999644
186.63366200000004	18.524581999999644
190.33855200000005	19.682361999999642
194.04344200000006	20.84014199999964
194.96966700000004	25.239701999999642
195.89589200000003	29.639261999999643
194.73811200000003	32.64949199999964
193.58033200000003	35.65972199999964
188.48610200000002	35.65972199999964
183.391872	37.04905199999964
186.170542	40.29083199999964
190.80166200000002	39.82772099999964
193.11722200000003	36.12282099999964
191.26477200000002	35.65970999999964
186.170542	36.817489999999644
181.076312	37.97526999999965
176.908312	37.04904599999965
171.35097199999998	35.19659599999965
168.34074199999998	35.659707999999654
165.33051199999997	36.12281899999965
166.25674199999997	38.43837899999965
169.96163199999998	40.75393899999965
173.402122	39.543578999999646
176.445202	37.512148999999646
178.760762	41.68015899999965
178.297642	43.532608999999646
177.834532	48.16372899999965
177.834532	50.94239899999965
177.371422	51.40551099999965
178.297642	53.257960999999646
182.002542	53.257960999999646
183.854982	51.868630999999645
179.686982	55.110410999999644
179.686982	57.42597099999964
174.129642	57.42597099999964
178.606392	57.271599999999644
183.083142	57.11722899999965
187.55989200000002	56.96285799999965
183.623442	58.352197999999646
179.686992	59.74153799999964
177.371432	60.66776199999964
181.539442	61.13087299999964
185.55307200000001	63.60080299999964
189.56670200000002	66.07073299999963
193.58033200000003	68.54066299999964
192.88566700000004	72.01400299999963
192.19100200000005	75.48734299999963
188.94921200000005	78.03446299999963
185.70743200000004	80.58157299999964
181.53943200000003	80.58157299999964
177.37142200000002	80.58157299999964
174.36120200000002	77.80290299999963
171.350972	75.02423299999963
169.035412	71.78245299999962
166.719852	68.54067299999961
164.867402	65.76200299999961
163.014952	62.98333299999961
166.372512	67.38289299999961
169.730072	71.7824529999996
173.087632	76.1820129999996
176.44519200000002	80.5815729999996
181.77097200000003	79.8869059999996
187.09676200000004	79.1922379999996
190.10699200000005	76.1820079999996
193.11721200000005	73.17177799999959
194.73810200000005	68.5406579999996
196.35899200000006	63.90953799999959
198.44299200000006	60.204647999999594
200.52700200000007	56.499757999999595
201.22166700000005	51.1739679999996
201.91633200000004	45.8481779999996
201.22166700000005	41.2170579999996
200.52700200000007	36.585937999999594
196.82211200000006	33.11259799999959
193.11721200000005	29.639257999999593
193.11721200000005	24.5449
193.11721200000005	19.4507
193.34876700000004	15.51425
193.58032200000002	11.5778
195.414092	14.95334
196.822102	18.52447
199.244822	23.204320000000003
202.127792	27.629150000000003
205.158112	31.954710000000002
205.158112	36.43146
205.158112	40.908210000000004
205.158112	45.38496000000001
207.010562	50.9423
208.863002	56.49964
205.621222	60.66765
206.084332	63.67788
206.547442	66.68811
210.947002	68.77211
215.346572	70.85611
215.809682	75.02412
213.031012	71.55078
210.252342	68.07744000000001
206.547442	72.24545
210.561082	74.86975000000001
214.574722	77.49405000000002
218.58836200000002	80.11835000000002
220.74955200000002	84.90384000000002
222.91074200000003	89.68933000000001
225.07193200000003	94.47482000000001
224.21186800000004	100.09832
223.35180400000004	105.72182000000001
222.49174000000005	111.34532000000002
221.63167600000006	116.96882000000002
220.77161200000006	122.59232000000003
219.91154800000007	128.21582000000004
219.05148400000007	133.83932000000004
217.66214400000007	138.56306000000004
216.27280400000006	143.28680000000003
214.88346400000006	148.01054000000002
213.49412400000006	152.73428
212.10478400000005	157.45802
211.29433900000006	162.20492000000002
210.48389400000008	166.95182000000003
209.6734490000001	171.69872000000004
208.8630040000001	176.44562000000005
207.9367810000001	181.38548000000006
207.01055800000012	186.32534000000007
206.08433500000012	191.26520000000008
205.15811200000013	196.2050600000001
204.23188900000014	201.1449200000001
203.30566600000014	206.0847800000001
203.15129500000015	211.5392100000001
202.99692400000015	216.9936400000001
202.84255300000015	222.44807000000011
202.68818200000015	227.90250000000012
202.53381100000016	233.35693000000012
202.37944000000016	238.81136000000012
202.22506900000016	244.26579000000012
202.07069800000016	249.72022000000013
201.91632700000017	255.17465000000013
200.88113700000017	260.8137200000001
199.84594700000017	266.4527900000001
198.81075700000017	272.0918600000001
197.77556700000017	277.7309300000001
196.74037700000017	283.3700000000001
195.70518700000017	289.0090700000001
194.66999700000017	294.6481400000001
193.63480700000017	300.28721000000013
192.59961700000017	305.92628000000013
191.56442700000017	311.56535000000014
190.52923700000017	317.20442000000014
189.49404700000017	322.84349000000014
188.45885700000017	328.48256000000015
187.42366700000017	334.12163000000015
186.38847700000017	339.76070000000016
185.35328700000017	345.39977000000016
184.31809700000017	351.03884000000016
182.37302700000018	355.85520000000014
180.4279570000002	360.6715600000001
178.4828870000002	365.4879200000001
176.53781700000022	370.30428000000006
174.59274700000023	375.12064000000004
172.89466700000023	379.98331
171.19658700000022	384.84598
169.49850700000022	389.70865
167.8004270000002	394.57131999999996
166.1023470000002	399.43398999999994
164.4042670000002	404.2966599999999
161.3940370000002	408.8119999999999
158.3838070000002	413.3273399999999
155.37357700000018	417.84267999999986
152.36334700000018	422.35801999999984
148.65845700000017	425.90853999999985
144.95356700000016	429.45905999999985
141.24867700000016	433.00957999999986
143.25549700000016	427.45223999999985
145.26231700000017	421.89489999999984
147.26913700000017	416.3375599999998
145.87980700000017	410.93458999999984
144.49047700000017	405.53161999999986
143.10114700000017	400.1286499999999
145.97243700000016	395.3122899999999
148.84372700000014	390.49592999999993
151.71501700000013	385.67956999999996
154.58630700000012	380.86321
157.4575970000001	376.04685
158.7807770000001	370.75414
160.10395700000012	365.46143
161.42713700000013	360.16872
162.75031700000014	354.87601
164.07349700000015	349.5833
165.39667700000015	344.29059
166.71985700000016	338.99788
167.83132700000016	333.90365
168.94279700000016	328.80942000000005
170.05426700000015	323.71519000000006
171.16573700000015	318.6209600000001
172.27720700000015	313.5267300000001
173.79885700000014	308.1678700000001
175.32050700000013	302.8090100000001
176.84215700000013	297.4501500000001
178.36380700000012	292.09129000000013
179.88545700000012	286.73243000000014
181.4071070000001	281.37357000000014
182.9287570000001	276.01471000000015
183.7006100000001	270.30300000000017
184.4724630000001	264.5912900000002
185.24431600000008	258.8795800000002
186.01616900000008	253.1678700000002
186.78802200000007	247.45616000000018
187.55987500000006	241.74445000000017
188.87202500000006	236.72740000000016
190.18417500000007	231.71036000000015
191.49632500000007	226.69332000000014
192.80847500000007	221.67628000000013
194.12062500000008	216.65924000000012
195.43277500000008	211.64220000000012
196.82210500000008	206.37430000000012
198.21144500000008	201.10640000000012
199.60077500000008	195.83850000000012
200.99010500000009	190.57060000000013
202.3794350000001	185.30270000000013
203.7687750000001	180.03480000000013
205.1581150000001	174.76690000000013
206.5474450000001	169.49900000000014
208.0630850000001	164.23637000000014
209.57872500000008	158.97374000000013
211.09436500000007	153.71111000000013
212.61000500000006	148.44848000000013
214.12564500000005	143.18585000000013
215.64128500000004	137.92322000000013
217.15692500000003	132.66059000000013
218.67256500000002	127.39796000000013
220.188205	122.13533000000012
221.703845	116.87270000000012
223.219485	111.61007000000012
223.31872289999998	117.29973000000012
223.41796079999997	122.98939000000013
223.51719869999997	128.67905000000013
223.61643659999996	134.36871000000014
223.71567449999995	140.05837000000014
223.81491239999994	145.74803000000014
223.91415029999993	151.43769000000015
224.01338819999992	157.12735000000015
224.11262609999991	162.81701000000015
224.2118639999999	168.50667000000016
224.3111018999999	174.19633000000016
224.4103397999999	179.88599000000016
224.50957769999988	185.57565000000017
224.60881559999987	191.26531000000017
224.88668259999986	196.82265000000018
225.16454959999984	202.3799900000002
225.44241659999983	207.9373300000002
225.72028359999982	213.4946700000002
225.9981505999998	219.05201000000022
226.2760175999998	224.60935000000023
226.55388459999978	230.16669000000024
226.83175159999976	235.72403000000025
227.10961859999975	241.28137000000027
227.38748559999974	246.83871000000028
227.42607809999973	252.5504200000003
227.46467059999972	258.2621300000003
227.5032630999997	263.9738400000003
227.5418555999997	269.68555000000026
227.5804480999997	275.39726000000024
227.6190405999997	281.1089700000002
227.65763309999969	286.8206800000002
227.69622559999968	292.5323900000002
227.73481809999967	298.2441000000002
227.77341059999966	303.95581000000016
227.81200309999966	309.66752000000014
227.85059559999965	315.3792300000001
227.75797359999964	321.33793000000014
227.66535159999964	327.29663000000016
227.57272959999963	333.2553300000002
227.48010759999963	339.2140300000002
227.38748559999962	345.17273000000023
227.29486359999962	351.13143000000025
227.2022415999996	357.0901300000003
227.1096195999996	363.0488300000003
227.0169975999996	369.0075300000003
226.9243755999996	374.96623000000034
226.8317535999996	380.92493000000036
226.73913159999958	386.8836300000004
226.64650959999958	392.8423300000004
226.55388759999957	398.8010300000004
226.46126559999956	404.75973000000045
222.84899559999957	408.55725000000047
219.23672559999957	412.3547700000005
215.62445559999958	416.1522900000005
212.01218559999958	419.9498100000005
208.3999155999996	423.74733000000055
203.76879559999958	427.17436000000055
199.13767559999957	430.60139000000055
194.50655559999956	434.02842000000055
189.87543559999955	437.45545000000055
185.24431559999954	440.88248000000056
180.49741559999953	443.54537000000056
175.75052559999952	446.20826000000056
171.0036355999995	448.87115000000057
166.2567455999995	451.5340400000006
162.0887355999995	453.8496000000006
157.92072559999949	456.1651600000006
153.75271559999948	458.4807200000006
149.58470559999947	460.7962800000006
144.37469559999946	460.1016120000006
139.16468559999944	459.40694500000063
133.95467559999943	458.71227800000065
128.74466559999942	458.0176100000007
123.18732559999943	459.63850000000065
117.62998559999943	461.2593900000006
118.55620859999942	457.2457500000006
119.48243159999942	453.2321100000006
120.40865459999941	449.2184700000006
119.71398959999941	444.5873600000006
119.01932459999941	439.9562400000006
119.63680459999941	435.0163800000006
120.25428459999941	430.0765200000006
120.87176459999941	425.1366600000006
121.56643459999941	421.2002100000006
122.26110459999941	417.2637600000006
121.64362159999942	411.7064200000006
121.02613859999943	406.1490800000006
120.40865559999943	400.5917400000006
120.40865559999943	396.5781000000006
120.40865559999943	392.56446000000057
120.40865559999943	388.55082000000056
121.18050859999943	383.30222000000055
121.95236159999942	378.05362000000054
122.72421459999941	372.8050200000005
122.87858459999941	366.9389400000005
123.03295459999941	361.0728600000005
123.18732459999941	355.2067800000005
125.61866459999942	350.2283300000005
128.05000459999943	345.2498800000005
130.48134459999943	340.27143000000046
132.91268459999944	335.29298000000045
129.67090459999943	338.07165000000043
126.42911459999944	340.8503200000004
126.42911459999944	336.6823100000004
126.42911459999944	332.51430000000045
128.28156459999943	328.11474000000044
130.13401459999943	323.71518000000043
128.89904459999943	319.8559200000004
127.66407459999942	315.9966600000004
126.42910459999942	312.1374000000004
126.66066259999943	306.9273900000004
126.89221959999942	301.7173800000004
127.12377759999943	296.5073700000004
127.35533459999942	291.29736000000037
127.21640059999942	297.1325700000004
127.07746659999941	302.9677800000004
126.9385325999994	308.8029900000004
126.7995985999994	314.63820000000044
126.6606645999994	320.47341000000046
126.52173059999939	326.3086200000005
126.38279659999938	332.1438300000005
126.24386259999937	337.9790400000005
126.10492859999937	343.8142500000005
125.96599459999936	349.64946000000054
125.15554959999936	355.0910200000005
124.34510459999936	360.5325800000005
123.53465959999936	365.9741400000005
122.72421459999936	371.41570000000047
122.14532459999936	376.85726000000045
121.56643459999935	382.29882000000043
120.98754459999935	387.7403800000004
120.40865459999935	393.1819500000004
120.59390059999936	398.83191000000045
120.77914659999936	404.48187000000047
120.96439259999937	410.1318300000005
121.14963859999938	415.7817900000005
121.33488459999938	421.43175000000053
120.71740159999939	426.98909000000054
120.0999185999994	432.54643000000056
119.4824355999994	438.10377000000057
119.9455455999994	443.81548000000055
120.4086555999994	449.52719000000053
120.8717655999994	455.2389000000005
118.7105755999994	458.6350500000005
116.5493855999994	462.03120000000047
114.38819559999939	465.42735000000044
112.07263559999939	468.97787000000045
109.75707559999938	472.52839000000046
107.44151559999938	476.07891000000046
102.34728559999938	477.00513500000045
97.25305559999939	477.93136000000044
97.25305559999939	483.48870000000045
101.26669559999938	483.79744300000044
105.28033559999938	484.10618600000043
109.29397559999937	484.4149290000004
114.75869559999937	484.2296830000004
120.22341559999937	484.0444370000004
125.68813559999937	483.8591910000004
131.15285559999938	483.6739450000004
136.61757559999938	483.4886990000004
135.69135559999938	480.2469190000004
134.76513559999938	477.0051390000004
137.5438055999994	472.2196490000004
140.3224755999994	467.4341590000004
143.1011455999994	462.64866900000044
140.3224755999994	467.58852900000045
137.5438055999994	472.52838900000046
134.76513559999938	477.46824900000047
136.38602559999939	480.24691900000045
138.0069155999994	483.0255890000004
143.9501855999994	483.1027740000004
149.8934555999994	483.1799590000004
155.83672559999943	483.2571440000004
161.77999559999944	483.33432900000037
167.72326559999945	483.41151400000035
173.66653559999946	483.48869900000034
173.66653559999946	477.7
173.66653559999946	471.911
175.51897559999946	467.04832
177.37142559999947	462.18565
177.37142559999947	456.78268
177.37142559999947	451.37971000000005
177.37142559999947	445.97674000000006
181.77098559999948	442.81214000000006
186.17054559999949	439.64754000000005
190.5701055999995	436.48294000000004
194.9696655999995	433.31834000000003
199.3692255999995	430.15374
203.76878559999952	426.98914
202.3794455999995	432.28185
200.9901055999995	437.57456
199.6007655999995	442.86727
198.2114255999995	448.15998
196.8220855999995	453.45269
195.4327455999995	458.7454
194.0434055999995	464.03811
197.2851855999995	467.92825
200.5269655999995	471.81838999999997
203.7687455999995	475.70852999999994
207.0105255999995	479.5986699999999
210.25230559999952	483.4888099999999
205.6211855999995	483.9519219999999
200.9900655999995	484.41503399999993
196.3589455999995	484.87814699999996
191.72782559999948	485.34126
186.63359559999947	484.76237
181.53936559999946	484.18348
176.44513559999945	483.60459
171.35090559999944	483.0257
177.00748559999943	483.09185929999995
182.66406559999942	483.15801859999993
188.3206455999994	483.2241778999999
193.9772255999994	483.2903371999999
199.6338055999994	483.3564964999999
205.29038559999938	483.42265579999986
210.94696559999937	483.48881509999984
216.60354559999936	483.5549743999998
222.26012559999936	483.6211336999998
227.91670559999935	483.6872929999998
233.57328559999934	483.75345229999976
239.22986559999933	483.81961159999975
244.88644559999932	483.8857708999997
250.5430255999993	483.9519301999997
246.8381355999993	481.6363701999997
243.1332355999993	479.3208101999997
240.2001955999993	476.5421401999997
237.26715559999928	473.76347019999974
234.33411559999928	470.98480019999977
232.25010559999927	475.3843601999998
230.16610559999927	479.7839201999998
231.78699559999927	474.1493901999998
233.40788559999928	468.5148601999998
235.02877559999928	462.88033019999983
236.64966559999928	457.24580019999985
238.27055559999928	451.61127019999986
239.8914455999993	445.9767401999999
237.80744559999928	440.6509601999999
235.72343559999928	435.3251701999999
232.25010559999927	432.3149501999999
228.77676559999927	429.3047201999999
226.76994559999926	425.1367101999999
224.76312559999926	420.96870019999994
222.75630559999925	416.80069019999996
226.92431559999926	413.7904602
231.09232559999927	410.7802302
234.17973559999928	406.3034802
237.26714559999928	401.82673020000004
240.3545555999993	397.34998020000006
238.50210559999928	394.33976020000006
236.64966559999928	391.3295302000001
231.09232559999927	389.4770902000001
225.53497559999926	387.6246402000001
229.47142559999926	390.4033102000001
233.40787559999927	393.18198020000005
237.34432559999928	395.96065020000003
241.2807755999993	398.7393202
240.9499825999993	404.0981802
240.6191895999993	409.4570402
240.2883965999993	414.8159002
239.9576035999993	420.1747602
239.6268105999993	425.5336202
239.2960175999993	430.89248019999997
238.9652245999993	436.25134019999996
239.0578465999993	430.50875019999995
239.1504685999993	424.76616019999994
239.2430905999993	419.02357019999994
239.3357125999993	413.28098019999993
239.42833459999932	407.5383901999999
239.52095659999932	401.7958001999999
239.61357859999933	396.0532101999999
239.70620059999933	390.3106201999999
239.79882259999934	384.5680301999999
239.89144459999935	378.8254401999999
239.42833459999935	382.0672201999999
238.96522459999935	385.3090101999999
241.97544459999935	382.76189019999987
244.98567459999936	380.2147801999999
244.75411959999937	375.3521101999999
244.52256459999938	370.4894301999999
246.3826545999994	365.2896401999999
248.1619345999994	360.0617101999999
249.6167945999994	354.74363019999987
250.2548405999994	350.0928501999999
251.0697815999994	345.46725019999985
251.9323545999994	340.85027019999984
251.2839965999994	335.29293019999983
250.6356385999994	329.7355901999998
249.9872805999994	324.1782501999998
249.3389225999994	318.6209101999998
248.6905645999994	313.0635701999998
246.8381145999994	317.34735019999977
244.98566459999938	321.6311401999998
243.13321459999938	325.9149301999998
241.28076459999937	330.19871019999977
242.67010459999938	333.20893019999977
244.05944459999938	336.21916019999975
246.14344459999938	341.77650019999976
248.2274445999994	347.33384019999977
246.49077459999938	342.8185001999998
244.75410459999938	338.3031601999998
243.01743459999938	333.7878201999998
241.28076459999937	329.27248019999985
241.18814259999937	324.2708701999998
241.09552059999936	319.2692601999998
241.00289859999936	314.26765019999976
240.91027659999935	309.26604019999974
240.81765459999934	304.2644301999997
240.66328459999934	298.8614601999997
240.50891459999934	293.45849019999974
240.35454459999934	288.05552019999976
240.20017459999934	282.6525501999998
240.04580459999934	277.2495801999998
239.89143459999934	271.8466101999998
240.23876859999933	266.40505019999983
240.58610259999932	260.96349019999985
240.9334365999993	255.52193019999984
241.2807705999993	250.08037019999983
241.6281045999993	244.63881019999982
241.97543859999928	239.19725019999981
242.32277259999927	233.7556901999998
242.67010659999926	228.3141301999998
241.65125659999927	222.75679019999978
240.63240659999929	217.19945019999977
239.6135565999993	211.64211019999976
238.5947065999993	206.08477019999975
237.57585659999933	200.52743019999974
237.18399259999933	194.89884019999974
236.79212859999933	189.27025019999974
236.40026459999933	183.64166019999973
236.00840059999933	178.01307019999973
235.61653659999934	172.38448019999973
235.22467259999934	166.75589019999973
234.83280859999934	161.12730019999972
234.44094459999934	155.49871019999972
234.04908059999934	149.87012019999972
233.65721659999934	144.24153019999972
233.26535259999935	138.6129401999997
232.87348859999935	132.9843501999997
232.48162459999935	127.35576019999971
230.99966459999936	122.6320201999997
229.51770459999938	117.9082801999997
228.0357445999994	113.18454019999969
226.5537845999994	108.46080019999968
225.07182459999942	103.73706019999968
225.76649459999942	99.56905019999968
226.46116459999942	95.40104019999968
229.08546459999943	98.64282019999969
231.70976459999943	101.8846001999997
234.33406459999944	105.1263801999997
234.56561959999942	109.8732801999997
234.7971745999994	114.6201801999997
235.0287295999994	119.36708019999969
235.26028459999938	124.11398019999969
236.18650859999937	129.9239301999997
237.11273259999936	135.73388019999967
238.03895659999935	141.54383019999966
238.96518059999934	147.35378019999965
239.89140459999933	153.16373019999963
240.81762859999932	158.97368019999962
241.74385259999931	164.7836301999996
242.6700765999993	170.5935801999996
243.5963005999993	176.40353019999958
244.5225245999993	182.21348019999957
245.44874859999928	188.02343019999955
245.75749059999927	193.65796019999956
246.06623259999927	199.29249019999958
246.37497459999926	204.9270201999996
246.68371659999926	210.5615501999996
246.99245859999925	216.1960801999996
247.30120059999925	221.83061019999963
247.60994259999924	227.46514019999964
247.91868459999924	233.09967019999965
248.22742659999923	238.73420019999966
248.53616859999923	244.36873019999967
248.84491059999922	250.0032601999997
249.15365259999922	255.6377901999997
249.84832059999923	260.1531301999997
250.54298859999923	264.66847019999966
251.23765559999924	269.18381019999964
251.93232259999925	273.6991501999996
255.86877259999926	277.8671501999996
259.80522259999924	282.0351601999996
257.64403259999926	287.5925001999996
255.48284259999926	293.14984019999963
253.32165259999925	298.70718019999964
252.39542959999926	292.99547019999966
251.46920659999927	287.2837601999997
250.54298359999927	281.5720501999997
249.61676059999928	275.8603401999997
248.6905375999993	270.14863019999973
247.7643145999993	264.43692019999975
249.9640945999993	260.03736019999974
252.1638745999993	255.63780019999973
254.3636545999993	251.23824019999972
256.5634345999993	246.83868019999971
256.7949915999993	252.39602019999973
257.02654859999933	257.95336019999974
257.25810559999934	263.51070019999975
257.48966259999935	269.06804019999976
257.72121959999936	274.62538019999977
257.95277659999937	280.1827201999998
257.74694859999937	274.83121019999976
257.5411205999994	269.47970019999974
257.3352925999994	264.1281901999997
257.1294645999994	258.7766801999997
256.9236365999994	253.4251701999997
256.7178085999994	248.07366019999972
256.5119805999994	242.72215019999973
256.3061525999994	237.37064019999974
256.1003245999994	232.01913019999975
258.1843245999994	227.85112019999974
260.2683245999994	223.68312019999973
262.3523245999994	219.51512019999973
264.4363245999994	215.34712019999972
264.6678815999994	209.9055501999997
264.8994395999994	204.4639901999997
265.13099759999943	199.0224301999997
265.36255559999944	193.58087019999968
266.7518855999994	188.11615019999968
268.1412155999994	182.65143019999968
269.53054559999936	177.18671019999968
270.91987559999933	171.72199019999968
272.3092055999993	166.25727019999968
275.7825455999993	165.09949019999968
279.2558855999993	163.94171019999968
282.59028559999933	167.64660019999968
285.92468559999935	171.3514901999997
289.25908559999937	175.0563801999997
292.5934855999994	178.7612701999997
295.9278855999994	182.4661601999997
300.2502655999994	186.3254201999997
304.5726455999994	190.18468019999972
308.8950255999994	194.04394019999972
311.9052555999994	195.43327019999973
314.9154855999994	196.82261019999973
319.70097559999937	194.50705019999972
324.48646559999935	192.19149019999972
329.27195559999933	189.87593019999971
333.90307559999934	189.64437519999973
338.53419559999935	189.41282019999974
338.53419559999935	192.42304019999975
338.53419559999935	195.43327019999975
334.52055559999934	196.20512319999975
330.50691559999933	196.97697619999974
326.4932755999993	197.74882919999973
332.28217559999933	197.98038419999972
338.07107559999935	198.2119391999997
343.04952559999936	200.1801691999997
348.02797559999937	202.14839919999972
353.0064255999994	204.11661919999972
357.9848755999994	206.08483919999972
360.76354559999936	209.32661919999973
360.3004355999994	213.95773919999974
357.5217655999994	212.79995919999973
354.74309559999944	211.64217919999973
350.57508559999945	210.09846919999973
346.4070755999995	208.55475919999972
342.2390655999995	207.01104919999972
346.2527055999995	209.48097919999972
350.2663455999995	211.95090919999973
354.2799855999995	214.42083919999973
356.1324255999995	216.96794919999974
357.9848755999995	219.51506919999974
354.2799855999995	221.36751919999975
351.73287559999955	219.05195919999974
349.18575559999954	216.73639919999974
345.01775559999953	214.65238919999973
340.84974559999955	212.56838919999973
345.01774559999956	215.19268919999973
349.18574559999956	217.81698919999974
353.35374559999957	220.44128919999974
353.35374559999957	224.14618919999975
349.6488555999996	222.75685919999975
345.9439655999996	221.36751919999975
341.3128455999996	219.05195919999974
336.6817255999996	216.73639919999974
340.2322455999996	219.36069919999974
343.7827655999996	221.98499919999975
347.3332855999996	224.60929919999975
345.48083559999964	227.85107919999976
341.77594559999966	225.68988919999975
338.0710555999997	223.52869919999975
334.3661655999997	221.36750919999974
330.3525355999997	220.59565619999975
326.33890559999975	219.82380319999976
322.32527559999977	219.05195019999977
317.69415559999976	217.81699019999976
313.06303559999975	216.58203019999976
308.43191559999974	215.34707019999976
308.7792505999997	219.97819019999977
309.1265855999997	224.60931019999978
309.4739205999997	229.2404301999998
309.8212555999997	233.8715501999998
309.7054785999997	239.5446701999998
309.58970059999973	245.21779019999983
309.47392359999975	250.89091019999984
309.3581455999998	256.5640301999998
309.5433895999998	261.47302019999984
309.7286335999998	266.38201019999985
309.9138775999998	271.29100019999987
310.0991215999998	276.1999901999999
310.28436559999983	281.1089801999999
309.93703059999984	286.0874301999999
309.58969559999986	291.0658801999999
309.24236059999987	296.04433019999993
308.8950255999999	301.02278019999994
308.1540475999999	306.20963019999994
307.4130695999999	311.3964801999999
306.67209159999993	316.5833301999999
305.93111359999995	321.7701801999999
305.19013559999996	326.9570301999999
303.68502559999996	331.5881501999999
302.17991559999996	336.2192701999999
300.67480559999996	340.85039019999994
299.16969559999995	345.48151019999995
295.92791559999995	349.6495201999999
292.68613559999994	353.8175301999999
289.44435559999994	357.9855401999999
290.83369559999994	363.38851019999987
292.22303559999995	368.79148019999985
293.61237559999995	374.19445019999984
295.74268559999996	378.64032019999985
297.87299559999997	383.08619019999986
300.0033056	387.5320601999999
302.1336156	391.9779301999999
304.2639256	396.4238001999999
303.9860586	390.8201501999999
303.70819159999996	385.21650019999987
303.43032459999995	379.61285019999985
303.15245759999993	374.00920019999984
302.8745905999999	368.4055501999998
302.5967235999999	362.8019001999998
302.3188565999999	357.1982501999998
302.0409895999999	351.5946001999998
301.76312259999986	345.99095019999976
301.48525559999985	340.38730019999974
301.75540359999985	345.90605019999975
302.02555159999986	351.42480019999977
302.29569959999986	356.9435501999998
302.56584759999987	362.4623001999998
302.8359955999999	367.9810501999998
303.1061435999999	373.4998001999998
303.3762915999999	379.0185501999998
303.6464395999999	384.53730019999983
303.9165875999999	390.05605019999985
304.1867355999999	395.57480019999986
304.4568835999999	401.09355019999987
304.7270315999999	406.6123001999999
303.18332159999994	410.9346801999999
301.63961159999997	415.2570601999999
300.0959016	419.5794401999999
296.6225616	420.2741051999999
293.1492216	420.9687701999999
288.98122159999997	419.1163201999999
284.81322159999996	417.26387019999993
280.64522159999996	415.41142019999995
280.7995915999999	411.08904019999994
280.9539615999999	406.76666019999993
281.1083315999999	402.4442801999999
275.55099159999986	402.2127251999999
269.9936415999999	401.9811701999999
265.1309715999999	398.5078301999999
260.2683015999999	395.0344901999999
255.4056315999999	391.5611501999999
250.5429615999999	388.08781019999986
247.9958415999999	384.84603019999986
245.4487315999999	381.6042401999999
250.1570315999999	385.00039019999986
254.8653315999999	388.39654019999983
259.5736315999999	391.7926901999998
264.2819315999999	395.1888401999998
268.9902315999999	398.58499019999977
273.6985315999999	401.98114019999974
277.8665315999999	403.6020301999997
282.0345415999999	405.2229201999997
285.9709915999999	401.9811401999997
289.90744159999986	398.7393601999997
286.89722159999985	394.8029101999997
283.8869915999999	390.8664601999997
281.1083215999999	387.1615601999997
281.57143159999987	392.1014201999997
282.03454159999984	397.04128019999973
282.4976515999998	401.98114019999974
281.10832159999984	396.73254019999973
279.71899159999987	391.4839401999997
278.3296615999999	386.2353401999997
278.4980655999999	380.5517001999997
278.6664695999999	374.86806019999966
278.8348735999999	369.18442019999964
279.00327759999993	363.5007801999996
279.17168159999994	357.8171401999996
279.34008559999995	352.13350019999956
279.50848959999996	346.44986019999953
279.67689359999997	340.7662201999995
279.8452976	335.0825801999995
280.0137016	329.39894019999946
280.1821056	323.71530019999943
280.2663083	318.24216019999943
280.350511	312.76902019999943
280.4347137	307.29588019999943
280.51891639999997	301.82274019999943
280.60311909999996	296.34960019999943
280.68732179999995	290.8764601999994
280.77152449999994	285.4033201999994
280.85572719999993	279.9301801999994
280.9399298999999	274.4570401999994
281.0241325999999	268.9839001999994
281.1083352999999	263.5107601999994
281.7258172999999	268.9651901999994
282.3432992999999	274.41962019999943
282.9607812999999	279.87405019999943
283.5782632999999	285.32848019999943
284.1957452999999	290.78291019999944
284.8132272999999	296.23734019999944
285.4307092999999	301.69177019999944
286.04819129999987	307.14620019999944
286.66567329999987	312.60063019999944
287.29718929999984	306.87488019999944
287.9287052999998	301.14913019999943
288.5602212999998	295.42338019999943
289.1917372999998	289.6976301999994
289.82325329999975	283.9718801999994
290.4547692999997	278.2461301999994
291.0862852999997	272.5203801999994
291.7178012999997	266.7946301999994
292.34931729999965	261.0688801999994
292.98083329999963	255.3431301999994
293.6123492999996	249.6173801999994
293.4322502999996	255.4062801999994
293.25215129999964	261.1951801999994
293.07205229999965	266.9840801999994
292.89195329999967	272.77298019999944
292.7118542999997	278.56188019999945
292.5317552999997	284.35078019999946
292.3516562999997	290.1396801999995
292.17155729999973	295.9285801999995
291.99145829999975	301.7174801999995
291.81135929999976	307.5063801999995
291.6312602999998	313.2952801999995
291.4511612999998	319.08418019999954
291.2710622999998	324.87308019999955
291.0909632999998	330.66198019999956
290.91086429999984	336.4508801999996
290.73076529999986	342.2397801999996
290.5506662999999	348.0286801999996
290.3705672999999	353.8175801999996
290.8116262999999	348.0838101999996
291.2526852999999	342.3500401999996
291.6937442999999	336.61627019999963
292.1348032999999	330.88250019999964
292.57586229999987	325.14873019999965
293.01692129999986	319.41496019999965
293.45798029999986	313.68119019999966
293.89903929999986	307.94742019999967
294.34009829999985	302.2136501999997
294.78115729999985	296.4798801999997
295.22221629999984	290.7461101999997
295.66327529999984	285.0123401999997
296.10433429999983	279.2785701999997
296.54539329999983	273.5448001999997
296.9864522999998	267.8110301999997
297.4275112999998	262.0772601999997
297.8685702999998	256.34349019999974
298.3096292999998	250.60972019999974
298.7506882999998	244.87595019999975
299.1917472999998	239.14218019999976
299.6328062999998	233.40841019999976
300.7905862999998	238.27109019999978
301.9483662999998	243.1337701999998
303.1061462999998	247.9964501999998
304.2639262999998	252.8591201999998
303.4534802999998	247.4754401999998
302.6430342999998	242.09177019999981
301.83258829999977	236.70810019999982
301.02214229999976	231.32443019999982
300.21169629999974	225.94075019999983
299.40125029999973	220.55707019999983
298.5908042999997	215.17339019999983
297.7803582999997	209.78971019999983
301.7939982999997	211.33342019999984
305.8076382999997	212.87713019999984
309.82127829999973	214.42084019999984
304.72704829999975	212.38315019999985
299.63281829999977	210.34546019999985
294.5385882999998	208.30777019999985
289.4443582999998	206.27008019999985
284.3501282999998	204.23239019999986
279.7190082999998	201.91683019999985
275.0878882999998	199.60127019999985
270.4567682999998	197.28571019999984
265.8256482999998	194.97015019999984
267.2149882999998	189.32019019999984
268.6043282999998	183.67023019999985
269.9936682999998	178.02027019999986
271.3830082999998	172.37031019999986
272.7723482999998	166.72035019999987
275.3194582999998	163.24701019999986
277.8665782999998	159.77367019999986
274.2774582999998	155.48989019999985
270.6883382999998	151.20611019999984
267.09921829999985	146.92233019999983
263.51009829999987	142.63855019999983
259.9209782999999	138.35477019999982
256.3318582999999	134.0709901999998
252.7427382999999	129.7872101999998
249.1536182999999	125.5034301999998
245.56449829999988	121.21965019999979
241.97537829999987	116.93587019999978
238.38625829999987	112.65209019999978
234.79713829999986	108.36831019999977
234.64276829999986	103.42845019999977
234.48839829999986	98.48859019999978
234.33402829999986	93.54873019999978
237.31117829999985	98.51064019999978
240.28832829999985	103.47255019999979
243.26547829999984	108.43446019999979
246.24262829999984	113.3963701999998
249.21977829999983	118.3582801999998
252.19692829999983	123.3201901999998
255.17407829999982	128.2821001999998
252.56907829999983	123.65098019999981
249.96407829999984	119.01986019999981
247.35907829999985	114.38874019999982
244.75407829999986	109.75762019999982
242.14907829999987	105.12650019999982
239.54407829999988	100.49538019999983
236.9390782999999	95.86426019999983
234.3340782999999	91.23314019999984
238.0389682999999	95.30852019999983
241.7438582999999	99.38390019999983
245.44874829999992	103.45928019999982
249.15363829999993	107.53466019999982
252.85852829999993	111.61004019999982
249.06100829999994	107.07154019999982
245.26348829999995	102.53304019999982
241.46596829999996	97.99454019999982
237.66844829999997	93.45604019999982
233.87092829999997	88.91754019999982
238.96515829999998	91.23310019999983
244.0593883	93.54866019999983
249.1536183	95.86422019999983
251.0986883	100.95845019999983
253.04375829999998	106.05268019999983
254.98882829999997	111.14691019999982
256.93389829999995	116.24114019999982
258.87896829999994	121.33537019999982
262.12074829999995	125.13289019999982
265.36252829999995	128.9304101999998
268.60430829999996	132.7279301999998
271.84608829999996	136.5254501999998
275.08786829999997	140.3229701999998
278.3296483	145.15256019999978
281.5714283	149.98215019999978
284.8132083	154.81174019999978
288.0549883	159.64133019999977
291.2967683	164.47092019999977
294.5385483	169.30051019999976
297.7803283	174.13010019999976
300.0958883	179.22433019999977
302.4114483	184.31856019999978
304.7270083	189.4127901999998
303.3376683	184.78167019999978
301.9483283	180.15055019999977
300.5589883	175.51943019999976
297.3716883	170.72486019999977
294.1843883	165.93029019999977
290.99708830000003	161.13572019999978
287.80978830000004	156.3411501999998
284.62248830000004	151.5465801999998
281.43518830000005	146.7520101999998
278.24788830000006	141.9574401999998
275.06058830000006	137.16287019999982
271.87328830000007	132.36830019999982
268.6859883000001	127.57373019999983
265.4986883000001	122.77916019999984
262.3113883000001	117.98459019999984
259.1240883000001	113.19002019999985
255.9367883000001	108.39545019999986
252.7494883000001	103.60088019999986
249.56218830000012	98.80631019999987
246.37488830000012	94.01174019999988
246.37488830000012	88.45440019999988
242.20688830000012	85.44417019999989
238.0388783000001	82.43394019999988
234.0252483000001	80.11838019999988
230.0116183000001	77.80282019999987
225.9979883000001	75.48726019999987
224.60864830000008	71.78237019999986
222.06153830000008	68.07748019999985
219.51441830000007	64.37259019999985
216.73574830000007	61.825480199999845
213.95707830000006	59.278360199999845
213.49396830000006	55.11035019999984
213.03085830000006	50.94234019999984
211.64151830000006	46.77433019999984
210.25218830000006	42.606320199999836
210.25218830000006	39.5961
210.25218830000006	36.5858
209.17158830000005	32.57216
208.09098830000005	28.558519999999998
207.01038830000005	24.54488
205.62105830000004	19.45065
204.23172830000004	14.35642
202.84239830000004	9.26219
198.44283830000003	5.557300000000001
194.04326830000002	1.8524100000000008
190.33837830000002	0.46307000000000076
186.6334883	-0.9262699999999993
183.3916983	0.6946200000000007
180.15	2.31556
