239.164	15.4799
234.07774999999998	16.364464
228.99149999999997	17.249028000000003
223.90524999999997	18.133592000000004
218.81899999999996	19.018156000000005
213.73274999999995	19.902720000000006
208.64649999999995	20.787284000000007
203.56024999999994	21.671848000000008
198.25285999999994	23.33040800000001
192.94546999999994	24.98896800000001
187.63807999999995	26.647528000000012
182.33068999999995	28.306088000000013
177.02329999999995	29.964648000000015
171.71590999999995	31.623208000000016
166.40851999999995	33.281768000000014
161.50655999999995	35.345748000000015
156.60459999999995	37.409728000000015
151.70263999999995	39.473708000000016
146.80067999999994	41.53768800000002
141.89871999999994	43.60166800000002
136.99675999999994	45.66564800000002
133.12678999999994	48.60682800000002
129.25681999999995	51.548008000000024
125.38684999999995	54.48918800000003
121.51687999999996	57.43036800000003
117.64690999999996	60.37154800000003
113.38993999999997	63.27402800000003
109.13296999999997	66.17650800000003
104.87600999999997	69.07898800000002
100.61904999999996	71.98146800000002
96.36207999999996	75.65793800000002
92.10510999999997	79.33440800000001
87.84813999999997	83.010878
83.59116999999998	86.687348
80.06273999999998	90.530248
76.53430999999998	94.373148
73.00587999999998	98.216048
69.47744999999998	102.058948
65.94901999999998	105.901848
63.212539999999976	109.938158
60.476059999999976	113.974468
57.739579999999975	118.010778
55.003099999999975	122.047088
52.67708999999998	126.151808
50.35107999999998	130.256528
48.025069999999985	134.361248
45.69905999999999	138.46596799999998
43.30463999999999	143.04957799999997
40.910219999999995	147.63318799999996
38.5158	152.21678799999995
36.12138	156.80039799999994
34.342670000000005	161.31558799999993
32.56396000000001	165.83078799999993
30.78525000000001	170.34598799999992
29.006540000000008	174.8611879999999
27.706710000000008	179.3763879999999
26.406880000000008	183.8915879999999
25.107050000000008	188.4067879999999
23.807220000000008	192.92197799999988
23.077492000000007	198.39493799999988
22.347764000000005	203.86789799999988
21.618036000000004	209.34085799999988
21.070740000000004	213.35436799999988
20.523444000000005	217.36787799999988
19.976148000000006	221.38138799999987
19.428852000000006	226.71752799999987
18.881556000000007	232.05366799999987
18.334260000000008	237.38980799999987
17.786964000000008	242.72594799999987
17.23966800000001	248.06208799999987
16.69237200000001	253.39822799999988
16.96602000000001	258.41510799999986
17.239668000000012	263.4319879999999
17.513316000000014	268.4488679999999
17.992200000000015	273.5797679999999
18.471084000000015	278.7106679999999
18.949968000000016	283.8415679999999
19.428852000000017	288.9724679999999
20.705872000000017	294.8102979999999
21.982892000000017	300.6481279999999
23.259912000000018	306.48595799999987
24.901802000000018	311.68527799999987
26.543692000000018	316.88459799999987
28.185582000000018	322.08391799999987
30.101122000000018	327.1464079999999
32.01666200000002	332.2088979999999
34.188912000000016	337.4092579999999
36.361162000000014	342.6096179999999
38.53341200000001	347.8099779999999
40.70566200000001	353.0103379999999
42.87791200000001	358.21069799999987
45.557792000000006	361.8583179999999
48.237672	365.50592799999987
50.917552	369.15353799999986
53.597432	372.8011579999999
55.781042	376.9698579999999
57.964652	381.1385579999999
60.148262	385.3072579999999
63.125902	388.7811779999999
66.103542	392.2550979999999
69.081182	395.72901799999994
72.654352	399.50069799999994
76.22752200000001	403.27237799999995
79.80069200000001	407.04405799999995
83.96939200000001	411.01424799999995
88.13809200000001	414.98443799999995
92.30679200000002	418.95462799999996
95.38369200000001	421.53525799999994
98.460592	424.1158879999999
101.537492	426.6965179999999
106.003962	430.3292479999999
110.470432	433.9619779999999
114.936902	437.59470799999986
119.403372	441.22743799999984
123.869842	444.8601679999998
129.229602	447.54004799999984
134.589362	450.21992799999987
139.949122	452.8998079999999
145.30888199999998	455.5796879999999
150.66864199999998	458.25956799999994
156.02840199999997	460.93944799999997
160.79263199999997	463.15140799999995
165.55686199999997	465.3633679999999
170.32109199999996	467.5753279999999
175.08532199999996	469.7872879999999
179.84955199999996	471.99924799999985
184.61378199999996	474.21120799999983
189.37801199999996	476.4231679999998
195.21419199999997	477.0186969999998
201.05037199999998	477.6142259999998
206.886552	478.2097549999998
212.722732	478.8052839999998
218.55891200000002	479.4008129999998
224.39509200000003	479.9963419999998
230.23127200000005	480.5918709999998
236.06745200000006	481.1873999999998
241.90363200000007	481.7829289999998
247.7398120000001	482.3784579999998
253.69510200000008	482.1799479999998
259.65039200000007	481.9814379999998
265.60568200000006	481.7829279999998
271.56097200000005	481.5844179999998
277.51626200000004	481.3859079999998
283.47155200000003	481.1873979999998
288.746232	479.8261879999998
294.020912	478.46497799999975
299.295592	477.1037679999997
304.570272	475.7425579999997
309.844952	474.38134799999966
315.11963199999997	473.02013799999963
320.39431199999996	471.6589279999996
325.83915199999996	469.6171179999996
331.28399199999996	467.5753079999996
336.72883199999995	465.5334979999996
342.17367199999995	463.4916879999996
347.61851199999995	461.4498779999996
353.06335199999995	459.4080679999996
358.50819199999995	457.3662579999996
363.14008199999995	454.45477799999964
367.77197199999995	451.54329799999965
372.40386199999995	448.63181799999967
377.03575199999995	445.7203379999997
381.66764199999994	442.8088579999997
386.29953199999994	439.8973779999997
390.93142199999994	436.98589799999974
395.56331199999994	434.07441799999975
400.19520199999994	431.16293799999977
403.53016199999996	426.8751279999998
406.865122	422.5873179999998
410.200082	418.29950799999983
413.53504200000003	414.01169799999985
416.87000200000006	409.7238879999999
420.2049620000001	405.4360779999999
423.5399220000001	401.1482679999999
426.8748820000001	396.86045799999994
430.20984200000015	392.57264799999996
433.5448020000002	388.284838
436.5765820000002	383.412328
439.6083620000002	378.539818
442.64014200000025	373.66730800000005
445.6719220000003	368.79479800000007
448.7037020000003	363.9222880000001
451.73548200000033	359.0497780000001
454.76726200000036	354.17726800000014
457.7990420000004	349.30475800000016
460.8308220000004	344.4322480000002
463.86260200000044	339.5597380000002
466.89438200000046	334.68722800000023
468.53208200000046	329.1785880000002
470.1697920000005	323.6699480000002
471.8074920000005	318.1613080000002
473.4451920000005	312.6526680000002
475.0829020000005	307.14402800000016
476.7206020000005	301.63538800000015
478.3583020000005	296.12674800000013
479.9960120000005	290.6181080000001
480.5915410000005	285.02013800000014
481.1870700000005	279.42216800000017
481.7825990000005	273.8241980000002
482.3781280000005	268.2262280000002
482.9736570000005	262.62825800000024
483.5691860000005	257.03028800000027
484.1647150000005	251.43231800000027
484.7602440000005	245.83434800000026
485.3557730000005	240.23637800000026
485.9513020000005	234.63840800000025
484.5900920000005	229.53387800000024
483.22888200000045	224.42934800000023
481.8676720000004	219.32481800000022
480.5064620000004	214.2202880000002
479.14525200000037	209.1157580000002
477.78404200000034	204.0112280000002
476.4228320000003	198.90669800000018
475.38065200000034	193.69581800000017
474.33848200000034	188.48493800000017
473.29630200000037	183.27405800000017
472.25413200000037	178.06317800000016
471.21196200000037	172.85229800000016
470.16979200000037	167.64141800000016
469.1276120000004	162.43053800000015
468.0854320000004	157.21965800000015
465.108	152.852
462.13	148.485
459.153	144.118
456.175	139.751
453.198	135.384
450.22	131.016
447.004	126.252
443.788	121.488
440.572	116.724
437.356	111.959
434.141	107.195
430.925	102.431
427.709	97.6667
424.493	92.9025
421.277	88.1383
418.061	83.3741
413.595	79.5031
409.128	75.6322
404.662	71.7612
400.195	67.8903
395.729	64.0194
391.263	60.1484
386.796	56.2775
382.33	52.4065
377.036	49.7598
371.742	47.113
366.449	44.4662
361.155	41.8194
355.862	39.1726
350.568	36.5258
345.274	33.879
339.981	31.2322
334.687	28.5854
328.881	27.0966
323.074	25.6077
317.268	24.1189
311.462	22.6301
305.655	21.1413
299.849	19.6525
294.042	18.1636
288.236	16.6748
283.76953	16.079271000000002
279.30305999999996	15.483742000000003
274.83658999999994	14.888213000000004
270.37011999999993	14.292684000000005
270.51900299999994	20.099094000000004
270.66788599999995	25.905504000000004
270.81676899999997	31.711914000000004
270.965652	37.51832400000001
271.114535	43.32473400000001
271.263417	49.131144000000006
271.412299	54.937554000000006
271.56118200000003	60.743964000000005
277.218702	62.232784
282.876222	63.721604
288.533752	65.210424
294.191282	66.69924400000001
299.848802	68.18806400000001
305.506332	69.67688400000002
311.163862	71.16570400000002
316.821392	72.65452400000002
321.982642	75.30132400000002
327.143892	77.94812400000002
332.305142	80.59492400000002
337.466392	83.24172400000002
342.627642	85.88852400000002
347.788892	88.53532400000002
352.95014199999997	91.18212400000002
358.11139199999997	93.82892400000001
363.27264199999996	96.47572400000001
367.69657199999995	100.389204
372.12050199999993	104.302684
376.5444319999999	108.21616399999999
380.9683619999999	112.12964399999998
385.3922919999999	116.04312399999998
389.81622199999987	119.95660399999997
394.24015199999985	123.87008399999996
397.36668199999986	128.78319399999995
400.49321199999986	133.69630399999994
403.61974199999986	138.60941399999993
406.74627199999986	143.52252399999992
409.87280199999987	148.4356339999999
412.99933199999987	153.3487439999999
416.12586199999987	158.2618539999999
419.2523919999999	163.17496399999987
421.63451199999986	168.33621399999987
424.01663199999984	173.49746399999987
426.39875199999983	178.65871399999986
428.7808719999998	183.81996399999986
431.1629919999998	188.98121399999985
433.5451119999998	194.14246399999985
435.9272319999998	199.30371399999984
438.30935199999976	204.46496399999984
440.69147199999975	209.62621399999983
440.69147199999975	215.58150399999982
440.69147199999975	221.53679399999982
440.69147199999975	227.4920839999998
440.69147199999975	233.4473739999998
440.69147199999975	239.4026639999998
440.69147199999975	245.35795399999978
440.69147199999975	251.31324399999977
440.181	257.269
439.671	263.224
439.16	269.179
438.65	275.134
438.139	281.09
437.629	287.045
437.118	293.0
435.133	298.36
433.148	303.72
431.163	309.08
429.178	314.439
427.193	319.799
425.208	325.159
422.296	330.188
419.385	335.217
416.473	340.246
413.562	345.274
410.65	350.303
407.739	355.332
404.827	360.361
401.916	365.39
399.004	370.419
394.932	366.231
390.859	362.043
386.786	357.855
382.714	353.667
378.641	349.479
374.568	345.292
370.496	341.104
366.423	336.916
362.351	332.728
358.278	328.54
354.205	324.352
350.133	320.164
346.06	315.976
341.987	311.788
337.915	307.6
333.842	303.412
329.769	299.224
325.697	295.037
321.624	290.849
317.551	286.661
313.479	282.473
309.406	278.285
305.333	274.097
301.261	269.909
297.188	265.721
293.115	261.533
289.043	257.345
284.97	253.157
280.898	248.97
276.825	244.782
272.752	240.594
272.713	234.599
272.673	228.604
272.633	222.609
272.593	216.614
272.554	210.619
272.514	204.624
272.474	198.629
272.435	192.634
272.395	186.639
272.355	180.644
272.316	174.649
272.276	168.654
272.236	162.659
272.196	156.664
272.157	150.669
272.117	144.674
272.077	138.679
272.038	132.684
271.998	126.689
271.958	120.694
271.919	114.699
271.879	108.704
271.839	102.709
271.799	96.7139
271.76	90.7189
271.72	84.7239
271.68	78.7289
271.641	72.7339
271.601	66.7389
271.561	60.744
271.561	66.6806
271.561	72.6173
271.561	78.554
271.561	84.4907
271.561	90.4273
271.561	96.364
271.561	102.301
271.561	108.237
271.561	114.174
271.561	120.111
271.561	126.047
271.561	131.984
271.561	137.921
271.561	143.857
271.561	149.794
271.561	155.731
271.561	161.667
271.561	167.604
271.561	173.541
271.561	179.478
271.561	185.414
271.561	191.351
271.561	197.288
271.561	203.224
271.561	209.161
271.561	215.098
271.561	221.034
271.561	226.971
271.561	232.908
271.561	238.844
271.561	244.781
271.561	250.718
271.561	256.654
271.561	262.591
271.561	268.528
271.561	274.464
271.561	280.401
271.561	286.338
271.561	292.274
271.561	298.211
271.561	304.148
271.561	310.084
271.561	316.021
271.561	321.958
271.561	327.895
271.561	333.831
271.561	339.768
271.561	345.705
271.561	351.641
271.561	357.578
271.561	363.515
271.561	369.451
271.561	375.388
271.561	381.325
271.561	387.261
271.561	393.198
271.561	399.135
271.561	405.071
271.561	411.008
271.561	416.945
271.561	422.881
271.561	428.818
271.561	434.755
271.561	440.691
277.36740999999995	439.20218
283.17382	437.71336
288.98023	436.22454000000005
294.78664000000003	434.7357200000001
300.59305000000006	433.2469000000001
306.3994600000001	431.7580800000001
312.2058700000001	430.26926000000014
318.01228000000015	428.78044000000017
322.9466600000001	427.0789300000002
327.8810400000001	425.3774200000002
332.8154200000001	423.6759100000002
337.74980000000005	421.97440000000023
342.68418	420.27289000000025
347.61856	418.57138000000026
352.55294	416.8698700000003
356.12611	412.99893000000026
359.69928	409.12799000000024
363.27245	405.2570500000002
366.84562999999997	401.3861100000002
362.70282	397.1397300000002
358.56001	392.8933500000002
354.4172	388.64697000000024
350.27439	384.40059000000025
346.13158	380.15421000000026
341.98877	375.9078300000003
337.84596	371.6614500000003
333.70315	367.4150700000003
329.56034	363.1686900000003
325.41753	358.9223100000003
321.27472	354.67593000000033
317.13191	350.42955000000035
312.9891	346.18317000000036
308.84629	341.93679000000037
304.70348	337.6904100000004
300.56067	333.4440300000004
296.41786	329.1976500000004
292.27505	324.9512700000004
288.13224	320.70489000000043
283.98943	316.45851000000044
279.84662000000003	312.21213000000046
275.70381000000003	307.96575000000047
271.56100000000004	303.7193700000005
271.61062710000004	309.4761500000005
271.66025420000005	315.23293000000047
271.70988130000006	320.98971000000046
271.7595084000001	326.74649000000045
271.8091355000001	332.50327000000044
271.8587626000001	338.26005000000043
271.9083897000001	344.0168300000004
271.9580168000001	349.7736100000004
272.0076439000001	355.5303900000004
272.0572710000001	361.2871700000004
272.10689810000014	367.0439500000004
272.15652520000015	372.8007300000004
272.20615230000016	378.5575100000004
272.25577940000016	384.31429000000037
272.3054065000002	390.07107000000036
272.3550336000002	395.82785000000035
272.4046607000002	401.58463000000035
272.4542878000002	407.34141000000034
272.5039149000002	413.09819000000033
272.5535420000002	418.8549700000003
272.60316910000023	424.6117500000003
272.65279620000024	430.3685300000003
272.70242330000025	436.1253100000003
272.75205040000026	441.8820900000003
266.99527040000027	442.0806000000003
261.2384904000003	442.2791100000003
255.48171040000028	442.4776200000003
249.7249304000003	442.6761300000003
243.9681504000003	442.8746400000003
238.2113704000003	443.0731500000003
232.8516104000003	440.69104000000027
227.49185040000032	438.3089200000003
227.5911050000003	432.4032600000003
227.6903596000003	426.49760000000026
227.7896142000003	420.59194000000025
227.8888688000003	414.68628000000024
227.9881234000003	408.7806200000002
228.08737800000029	402.8749600000002
228.18663260000028	396.9693000000002
228.28588720000027	391.0636400000002
228.38514180000027	385.1579800000002
228.48439640000026	379.25232000000017
228.58365100000026	373.34666000000016
228.68290560000025	367.44100000000014
228.78216020000025	361.53534000000013
228.88141480000024	355.6296800000001
228.98066940000024	349.7240200000001
229.07992400000023	343.8183600000001
229.17917860000023	337.9127000000001
229.27843320000022	332.0070400000001
229.37768780000022	326.10138000000006
229.4769424000002	320.19572000000005
229.5761970000002	314.29006000000004
229.6754516000002	308.3844
229.7747062000002	302.47874
229.8739608000002	296.57308
225.85414080000018	300.69216
221.83432080000017	304.81124
217.81450080000016	308.93032
213.79468080000015	313.0494
209.77486080000014	317.16848
205.75504080000013	321.28756
201.73522080000012	325.40664
197.7154008000001	329.52572
193.6955808000001	333.6448
189.6757608000001	337.76388
185.65594080000008	341.88295999999997
181.63612080000007	346.00203999999997
177.61630080000006	350.12111999999996
173.59648080000005	354.24019999999996
169.57666080000004	358.35927999999996
165.55684080000003	362.47835999999995
161.53702080000002	366.59743999999995
157.5172008	370.71651999999995
153.4973808	374.83559999999994
149.4775608	378.95467999999994
145.45774079999998	383.07375999999994
141.43792079999997	387.19283999999993
137.41810079999996	391.31191999999993
133.39828079999995	395.4309999999999
136.97145079999996	399.4805999999999
140.54462079999996	403.5301999999999
144.11779079999997	407.5797999999999
147.69096079999997	411.6293999999999
151.26413079999998	415.6789999999999
156.02836079999997	417.7208099999999
160.79259079999997	419.7626199999999
165.55682079999997	421.8044299999999
170.32105079999997	423.8462399999999
175.08528079999996	425.8880499999999
179.84951079999996	427.9298599999999
184.61374079999996	429.9716699999999
190.12238079999997	431.1627299999999
195.6310208	432.3537899999999
201.1396608	433.5448499999999
206.64830080000002	434.7359099999999
212.15694080000003	435.92696999999987
217.66558080000004	437.11802999999986
223.17422080000006	438.30908999999986
228.68286080000007	439.50014999999985
223.257	438.045
217.831	436.589
212.405	435.133
206.979	433.677
201.553	432.222
196.128	430.766
190.702	429.31
185.276	427.854
179.85	426.399
175.086	423.659
170.321	420.92
165.557	418.18
160.793	415.441
156.029	412.702
151.264	409.962
146.5	407.223
141.736	404.483
136.972	401.744
132.207	399.004
128.336	395.431
124.466	391.858
120.595	388.285
116.724	384.712
112.853	381.139
108.982	377.565
105.111	373.992
101.24	370.419
105.428	366.193
109.616	361.966
113.804	357.74
117.992	353.514
122.179	349.287
126.367	345.061
130.555	340.835
134.743	336.608
138.931	332.382
143.119	328.156
147.307	323.929
151.495	319.703
155.683	315.477
159.871	311.25
164.059	307.024
168.247	302.798
172.434	298.571
176.622	294.345
180.81	290.119
184.998	285.892
189.186	281.666
193.374	277.44
197.562	273.213
201.75	268.987
205.938	264.761
210.126	260.534
214.314	256.308
218.501	252.082
222.689	247.855
226.877	243.629
231.065	239.403
226.916	243.552
222.766	247.702
218.617	251.851
214.467	256.001
210.318	260.15
206.168	264.3
202.019	268.449
197.869	272.599
193.72	276.748
189.57	280.898
185.421	285.047
181.271	289.197
177.122	293.346
172.972	297.496
168.823	301.645
164.673	305.795
160.524	309.944
156.374	314.093
152.225	318.243
148.075	322.392
143.926	326.542
139.776	330.691
135.627	334.841
131.477	338.99
127.328	343.14
123.178	347.289
119.029	351.439
114.879	355.588
110.73	359.738
106.58	363.887
102.431	368.037
99.1556	363.719
95.8802	359.402
92.6048	355.084
89.3293	350.767
86.0539	346.449
82.7785	342.131
79.5031	337.814
76.2277	333.496
74.4411	327.779
72.6545	322.062
70.8679	316.345
69.0814	310.628
67.2948	304.911
65.5082	299.194
63.7216	293.477
61.935	287.76
60.1484	282.043
58.3618	276.325
58.2427	270.608
58.1236	264.891
58.0045	259.174
57.8854	253.457
57.7663	247.74
57.6472	242.023
57.5281	236.306
57.409	230.589
57.2899	224.872
57.1708	219.155
59.1559	213.861
61.141	208.567
63.1261	203.274
65.1112	197.98
67.0963	192.687
69.0814	187.393
71.0665	182.1
73.0516	176.806
75.0366	171.512
77.9602	166.64
80.8837	161.767
83.8072	156.895
86.7307	152.022
89.6542	147.15
92.5777	142.277
95.5012	137.405
98.4247	132.532
101.348	127.66
104.272	122.787
107.195	117.915
111.43	114.474
115.665	111.033
119.9	107.592
124.135	104.151
128.37	100.711
132.604	97.2697
136.839	93.8289
141.074	90.3881
145.309	86.9472
150.623	84.84
155.937	82.7327
161.251	80.6255
166.565	78.5182
171.879	76.4109
177.193	74.3037
182.507	72.1964
187.821	70.0892
193.135	67.9819
198.449	65.8747
203.763	63.7674
209.076	61.6602
214.39	59.5529
219.949	59.1559
225.507	58.7589
231.065	58.3618
231.027	64.2403
230.988	70.1187
230.95	75.9972
230.912	81.8756
230.873	87.7541
230.835	93.6325
230.796	99.511
230.758	105.389
230.719	111.268
230.681	117.146
230.643	123.025
230.604	128.903
230.566	134.782
230.527	140.66
230.489	146.539
230.45	152.417
230.412	158.295
230.374	164.174
230.335	170.052
230.297	175.931
230.258	181.809
230.22	187.688
230.182	193.566
230.143	199.445
230.105	205.323
230.066	211.201
230.028	217.08
229.989	222.958
229.951	228.837
229.913	234.715
229.874	240.594
229.874	234.607
229.874	228.62
229.874	222.634
229.874	216.647
229.874	210.661
229.874	204.674
229.874	198.687
229.874	192.701
229.874	186.714
229.874	180.727
229.874	174.741
229.874	168.754
229.874	162.767
229.874	156.781
229.874	150.794
229.874	144.808
229.874	138.821
229.874	132.834
229.874	126.848
229.874	120.861
229.874	114.874
229.874	108.888
229.874	102.901
229.874	96.9145
229.874	90.9279
229.874	84.9412
229.874	78.9546
229.874	72.968
229.874	66.9813
229.874	60.9947
229.874	55.0081
229.874	49.0214
229.874	43.0348
229.874	37.0482
229.874	31.0615
229.874	25.0749
229.874	19.0883
229.874	13.1016
235.65914	13.612053
241.44428000000002	14.122506
247.22942000000003	14.632959
253.01456000000005	15.143412
258.79970000000003	15.653865
264.58484000000004	16.164318
270.36998000000006	16.674771
265.16897000000006	16.475615
259.96796000000006	16.276459000000003
254.76695000000007	16.077303000000004
249.56594000000007	15.878147000000004
244.36493000000007	15.678991000000003
239.164	15.4799
