19.0712	5.69659
21.05262	6.8524199999999995
23.03404	8.00825
25.01546	9.16408
27.07944	10.48503
29.143420000000003	11.80598
31.207400000000003	13.12693
32.610910000000004	14.44788
34.01442	15.76883
35.41793	17.08978
37.27552	18.575850000000003
39.1331	20.061920000000004
40.536609999999996	21.630550000000003
41.94011999999999	23.199180000000002
43.34362999999999	24.76781
44.25178299999999	26.419
45.15993599999999	28.07019
46.068088999999986	29.72138
47.38903899999999	31.53769
48.70998899999999	33.354
50.030939	35.17031
50.897811999999995	36.28486
51.76468499999999	37.39941
53.33331499999999	36.738935000000005
54.90194499999999	36.07846000000001
56.47057499999999	35.41798500000001
58.53455499999999	34.84007000000001
60.59853499999999	34.262155000000014
62.66251499999999	33.68424000000002
64.89161499999999	32.941206000000015
67.12071499999999	32.198172000000014
69.34981499999999	31.455138000000012
71.764675	31.578977000000013
74.179535	31.702816000000013
76.594395	31.826655000000013
79.00925500000001	31.950494000000013
81.11451500000001	32.56968900000001
83.21977500000001	33.18888400000001
85.20119500000001	34.05575700000001
87.18261500000001	34.922630000000005
89.16403500000001	35.789503
91.14545500000001	36.656376
92.30128500000001	35.417986
93.457115	34.179596
94.612945	32.941205999999994
96.181575	31.372575999999995
97.750205	29.803945999999996
99.31883499999999	28.235315999999997
100.80490499999999	26.253895999999997
102.29097499999999	24.272475999999997
104.02472499999999	22.786405999999996
105.75847499999999	21.300335999999994
107.49222499999999	19.814265999999993
109.14341499999999	18.658435999999995
110.79460499999999	17.502605999999993
112.44579499999999	16.34677599999999
114.17954499999999	15.603741999999992
115.91329499999999	14.860707999999992
117.64704499999999	14.117673999999992
119.38079499999999	13.209520999999992
121.11454499999999	12.301367999999991
122.848295	11.39321499999999
124.08668499999999	10.774019999999991
125.32507499999998	10.154824999999992
126.89370499999998	9.576909999999991
128.462335	8.99899499999999
130.030965	8.42107999999999
132.383905	7.6780459999999895
134.736845	6.93501199999999
136.099075	6.93501199999999
137.461305	6.93501199999999
138.69969500000002	7.6780459999999895
138.08050000000003	9.16411599999999
137.46130500000004	10.650185999999989
136.34675500000003	12.631605999999989
135.23220500000002	14.613025999999989
134.48917000000003	16.09909599999999
133.74613500000004	17.58516599999999
132.42518500000003	19.48403599999999
131.10423500000002	21.382905999999988
129.783285	23.281765999999987
128.668735	24.643995999999987
127.554185	26.006225999999987
126.39835500000001	27.409735999999988
125.24252500000001	28.81324599999999
124.08669500000002	30.21675599999999
122.97214500000003	31.207467999999988
121.85759500000003	32.19817999999999
122.50155700000003	29.969079999999988
123.14551900000004	27.73997999999999
123.78948100000004	25.51087999999999
124.43344300000004	23.28177999999999
125.07740500000004	21.05267999999999
125.27554700000005	18.97217999999999
125.47368900000005	16.89167999999999
125.67183100000005	14.81117999999999
125.86997300000006	12.730679999999989
126.06811500000006	10.650179999999988
125.59752700000006	12.879279999999987
125.12693900000005	15.108379999999986
124.65635100000004	17.337479999999985
124.18576300000004	19.566579999999984
123.71517500000003	21.795679999999983
123.24458700000002	24.024779999999982
122.77399900000002	26.25387999999998
122.30341100000001	28.48297999999998
121.832823	30.71207999999998
121.362235	32.94117999999998
119.876165	33.93189199999998
118.390095	34.922603999999986
116.904025	35.91331599999999
115.170285	37.275545999999984
113.436535	38.63777599999998
111.95046500000001	39.54592899999998
110.46439500000001	40.45408199999998
108.97832500000001	41.36223499999998
107.36841500000001	42.229107999999975
105.75850500000001	43.09598099999997
103.90091500000001	44.334370999999976
102.04333500000001	45.57276099999998
100.43342500000001	44.21053099999998
98.82351500000001	42.848300999999985
100.14446500000001	44.582050999999986
101.46541500000001	46.315800999999986
102.786365	48.04955099999999
103.777075	50.27865099999999
104.189872	52.17751099999999
104.60266899999999	54.07637099999999
105.01546599999999	55.97523099999999
105.13930599999999	58.08049099999999
105.26314599999999	60.18575099999999
105.26314599999999	62.66253099999999
105.51082099999999	65.01547099999999
105.758496	67.368411
106.006176	69.473671
106.253856	71.578931
106.749213	73.477801
107.24457	75.376671
107.739927	77.275531
105.51082699999999	76.532497
104.148597	75.913302
102.786367	75.294107
100.928777	76.03714099999999
99.071187	76.78017499999999
97.915357	78.18368499999998
96.759527	79.58719499999998
95.60369700000001	80.99070499999998
95.10834100000001	82.72445499999998
94.61298500000001	84.45820499999998
94.489146	85.94427499999998
94.365307	87.43034499999997
95.356019	89.28793499999998
96.346731	91.14551499999997
97.708961	91.76470999999998
99.071191	92.38390499999998
101.547971	92.63158299999998
100.22702100000001	94.03509299999997
98.90607100000001	95.43860299999997
97.58512100000002	96.84211299999997
95.72753100000001	98.20434299999997
93.86995100000001	99.56657299999996
91.88853100000001	100.68112299999996
89.90711100000001	101.79567299999995
87.92569100000001	102.91022299999995
85.94427100000001	104.02477299999994
88.06722100000002	102.78638299999994
90.19017100000002	101.54799299999995
92.31312100000002	100.30960299999995
94.43607100000003	99.07121299999996
96.55902100000003	97.83282299999996
98.68197100000003	96.59443299999997
100.80492100000004	95.35604299999997
102.16715100000003	93.56037299999997
103.52938100000003	91.76470299999997
104.89161100000003	89.96903299999997
106.25384100000002	88.17336299999997
106.74919800000002	86.35705299999996
107.24455500000002	84.54074299999996
107.73991200000002	82.72443299999996
107.98758700000002	80.37149299999996
108.23526200000002	78.01855299999995
106.96591200000002	76.13001299999995
105.69656200000001	74.24147299999994
104.42721200000001	72.35293299999994
103.15786200000001	70.46439299999993
101.888512	68.57585299999992
100.619162	66.68731299999992
99.349812	64.79877299999991
98.080462	62.91023299999991
96.842072	60.92881299999991
95.603682	58.94739299999991
94.11761200000001	58.575875999999916
92.63154200000001	58.20435899999992
91.26931200000001	58.45203699999992
89.90708200000002	58.69971499999992
88.42101200000002	59.93810499999992
89.90708200000002	59.44274899999992
91.88850200000002	60.681138999999924
92.38385800000002	62.414888999999924
92.63153600000001	63.405600999999926
91.39314600000002	65.13935099999992
90.15475600000002	65.38702899999991
88.91636600000002	64.64399499999992
87.67797600000003	63.90096099999992
86.93494200000004	62.910248999999915
87.67797600000003	60.68114899999991
86.81110300000003	62.786408999999914
85.94422900000004	64.89166899999991
86.43958500000004	66.62541899999991
86.93494200000004	68.35916899999991
88.17333200000003	69.8452389999999
89.41172200000003	71.3313089999999
91.14547200000003	71.3313089999999
92.87922200000003	71.3313089999999
94.73681200000003	70.3405969999999
96.59439200000003	69.3498849999999
97.21358700000003	67.9876549999999
97.83278200000004	66.62542499999991
97.58510400000004	64.1486449999999
99.14193400000005	66.05930499999991
100.69876400000005	67.96996499999992
102.25559400000006	69.88062499999992
103.81242400000006	71.79128499999993
105.36925400000007	73.70194499999994
106.92608400000007	75.61260499999995
108.48291400000008	77.52326499999995
108.18570000000008	79.85143499999995
107.88848600000009	82.17960499999995
107.59127200000009	84.50777499999995
107.29405800000009	86.83594499999995
106.9968440000001	89.16411499999995
108.6686740000001	90.34058499999995
110.3405040000001	91.51705499999994
112.0123340000001	92.69352499999994
113.6841640000001	93.86999499999993
111.7027440000001	95.15792499999993
109.7213240000001	96.44585499999994
107.7399040000001	97.73378499999994
105.7584840000001	99.02171499999994
103.7770640000001	100.30964499999995
103.4468270000001	98.41077499999994
103.1165900000001	96.51190499999994
102.7863530000001	94.61303499999994
103.39178700000011	96.92469499999994
103.99722100000011	99.23635499999995
104.60265500000011	101.54801499999995
105.20808900000011	103.85967499999995
105.81352300000012	106.17133499999996
106.41895700000012	108.48299499999996
107.02439100000012	110.79465499999996
107.62982500000012	113.10631499999997
108.23525900000013	115.41797499999997
110.40243900000013	114.30342499999998
112.56961900000013	113.18887499999998
114.73679900000013	112.07432499999999
116.90397900000013	110.959775
115.72750900000014	109.287955
114.55103900000015	107.616125
113.37456900000015	105.944305
112.19809900000016	104.272485
114.42719900000016	103.226735
116.65629900000016	102.180985
118.88539900000016	101.13523500000001
121.11449900000017	100.08948500000001
123.34359900000017	99.04373500000001
125.57269900000017	97.99798500000001
127.80179900000017	96.95223500000002
130.03089900000018	95.90648500000002
132.25999900000016	94.86073500000002
130.75141900000017	93.01440500000002
129.24283900000017	91.16807500000003
127.73425900000018	89.32174500000004
126.22567900000018	87.47541500000004
124.71709900000019	85.62908500000005
123.2085190000002	83.78275500000005
121.6999390000002	81.93642500000006
120.1913590000002	80.09009500000006
118.68277900000021	78.24376500000007
117.17419900000021	76.39743500000007
115.66561900000022	74.55110500000008
117.93282900000023	73.88428000000008
120.20003900000023	73.21745500000007
122.46724900000024	72.55063000000007
124.73445900000024	71.88380500000007
127.00166900000025	71.21698000000006
129.26887900000025	70.55015500000006
131.53608900000026	69.88333000000006
133.80329900000027	69.21650500000005
136.07050900000027	68.54968000000005
138.33771900000028	67.88285500000005
140.60492900000028	67.21603000000005
142.8721390000003	66.54920500000004
145.1393490000003	65.88238000000004
145.95314800000028	63.65328000000004
146.76694700000027	61.424180000000035
147.58074600000026	59.19508000000003
148.39454500000025	56.96598000000003
149.20834400000024	54.73688000000003
150.02214300000023	52.507780000000025
150.83594200000022	50.27868000000002
151.02858100000023	47.96702000000002
151.22122000000024	45.655360000000016
151.41385900000026	43.34370000000001
151.60649800000027	41.03204000000001
151.7991370000003	38.720380000000006
151.9917760000003	36.40872
152.1844150000003	34.09706
152.37705400000033	31.7854
152.56969300000034	29.47374
150.37155300000035	30.092935
148.17341300000035	30.712130000000002
145.97527300000036	31.331325000000003
143.77713300000036	31.950520000000004
141.57899300000037	32.569715
139.38085300000037	33.18891
137.18271300000038	33.808105
134.98457300000038	34.427299999999995
132.9205930000004	35.335452999999994
130.8566130000004	36.24360599999999
128.79263300000042	37.15175899999999
126.72865300000042	38.05991199999999
124.66467300000042	38.96806499999999
122.60069300000042	39.87621799999999
120.53671300000042	40.784370999999986
118.47273300000042	41.692523999999985
116.40875300000042	42.60067699999998
114.55116300000041	43.756506999999985
112.69358300000042	44.91233699999999
110.83599300000041	46.06816699999999
108.97840300000041	47.22399699999999
107.12081300000041	48.37982699999999
105.26323300000041	49.53565699999999
104.02484300000042	49.53565699999999
104.43764000000041	51.92987699999999
104.85043700000041	54.32409699999999
105.26323400000041	56.718316999999985
105.6760310000004	59.11253699999998
106.0888280000004	61.50675699999998
106.5016250000004	63.900976999999976
106.9144220000004	66.29519699999997
107.3272190000004	68.68941699999998
107.7400160000004	71.08363699999998
108.15281300000039	73.47785699999999
108.56561000000039	75.87207699999999
108.97840700000039	78.266297
108.68119300000039	80.29725699999999
108.3839790000004	82.32821699999998
108.0867650000004	84.35917699999997
107.7895510000004	86.39013699999997
107.4923370000004	88.42109699999996
109.2260770000004	89.78332699999996
110.9598170000004	91.14555699999995
112.6935570000004	92.50778699999995
114.4273070000004	93.87001699999995
112.5449570000004	95.20747699999995
110.66260700000039	96.54493699999995
108.78025700000039	97.88239699999994
106.89790700000039	99.21985699999993
105.01555700000038	100.55731699999993
105.57283200000039	102.66257699999993
106.1301070000004	104.76783699999993
106.6873820000004	106.87309699999993
107.2446570000004	108.97835699999993
107.3684970000004	107.49228699999993
107.4923370000004	106.00621699999994
108.7307270000004	106.25389699999994
109.9691170000004	106.50157699999994
109.22608700000039	104.27247699999994
110.95982700000039	105.63469699999993
112.69357700000039	106.99692699999993
114.30347700000038	108.85451699999993
115.91338700000038	110.71209699999993
113.93196700000038	112.13624699999993
111.95054700000038	113.56039699999992
109.96912700000038	114.98454699999992
107.98770700000038	116.40869699999992
109.39121700000038	118.30755699999992
110.79472700000038	120.20641699999992
112.19823700000038	122.10527699999992
112.77615400000037	124.16925699999992
113.35407100000037	126.23323699999992
113.93198800000037	128.2972169999999
114.17966500000037	130.1135269999999
114.42734200000037	131.92983699999988
114.67501900000036	133.74614699999987
113.18894900000036	135.10837699999988
111.70287900000037	136.4706069999999
110.21680900000037	137.8328369999999
108.73073900000037	139.1950669999999
110.46448900000037	137.7915569999999
112.19823900000037	136.3880469999999
113.93198900000037	134.98453699999988
115.66573900000037	133.58102699999986
117.39948900000037	132.17751699999985
119.13323900000037	130.77400699999984
121.36233900000038	131.26936699999985
120.04138900000038	133.00311699999983
118.72043900000038	134.73686699999982
117.39948900000039	136.4706169999998
118.69979900000038	134.9226269999998
120.00010900000038	133.3746369999998
121.30041900000037	131.8266469999998
122.60072900000037	130.2786569999998
123.34375900000038	131.76472699999982
122.20443900000038	133.44893699999983
121.06511900000038	135.13314699999984
119.92579900000038	136.81735699999984
118.78647900000038	138.50156699999985
117.64715900000039	140.18577699999986
119.19514900000038	138.39011699999986
120.74313900000038	136.59445699999986
122.29112900000038	134.79879699999987
123.83911900000038	133.00312699999986
123.96295900000038	134.73686699999988
124.08679900000038	136.47061699999986
122.84840900000039	137.95668699999987
121.61001900000039	139.4427569999999
120.3716290000004	140.9288269999999
119.1332390000004	142.3529769999999
117.8948490000004	143.7771269999999
116.65645900000041	145.2012769999999
115.41806900000041	146.6254269999999
113.84943900000042	148.1940569999999
112.28080900000042	149.76268699999991
110.71217900000042	151.33131699999993
108.97843900000042	152.48714699999994
107.24469900000042	153.64297699999995
105.51095900000043	154.79880699999995
103.52952900000042	156.03719699999996
101.54810900000042	157.27558699999997
100.06203900000042	157.27558699999997
98.57596900000043	157.27558699999997
98.82364700000042	155.211607
99.07132500000041	153.147627
99.31900300000041	151.083647
98.20445300000041	153.188917
97.08990300000042	155.294177
95.27359300000042	154.551144
93.45728300000042	153.808111
91.64097300000041	153.065078
92.63168500000042	151.166208
93.62239700000042	149.26733800000002
94.61310900000042	147.36846800000004
95.60382100000042	145.46959800000005
96.59453300000042	143.57072800000006
97.58524500000043	141.67186800000005
98.39019800000042	139.62852800000005
99.19515100000042	137.58517800000004
100.00010400000042	135.54183800000004
100.80505700000042	133.49848800000004
101.42425200000042	131.43450800000005
102.04344700000043	129.37052800000006
102.66264200000043	127.30654800000006
103.28183700000044	125.24256800000006
103.90103200000044	123.17858800000006
104.52022700000045	121.11460800000006
103.54720700000044	123.41447800000006
102.57418700000044	125.71434800000006
101.60116700000043	128.01421800000006
100.62814700000042	130.31408800000005
99.65512600000042	132.61395800000005
98.68210600000042	134.91382800000005
97.70908500000041	137.21369800000005
96.73606400000041	139.51356800000005
95.76304300000041	141.81343800000005
94.7900230000004	144.11330800000005
93.8170030000004	146.41317800000004
92.84398300000039	148.71304800000004
91.87096200000039	151.01291800000004
90.89794100000039	153.31278800000004
90.27874600000038	155.29421800000003
89.65955100000038	157.27563800000001
87.67813100000038	157.02796300000003
85.69671100000038	156.78028800000004
84.95367700000038	154.55117800000005
83.21992700000038	155.29421800000006
81.48617700000038	153.56046800000007
80.49546500000038	154.30350800000008
78.76171500000038	153.18895800000007
77.02796500000038	152.07439800000006
77.68844000000038	150.50576800000005
78.34891500000039	148.93713800000003
79.0093900000004	147.36850800000002
78.43147500000039	144.97428800000003
77.85356000000039	142.58006800000004
77.27564500000038	140.18584800000005
77.35820430000038	137.70906800000006
77.44076360000038	135.23228800000007
77.52332290000038	132.75550800000008
77.82053690000038	130.67500800000008
78.11775090000037	128.59450800000008
78.41496490000037	126.51400800000008
78.71217890000037	124.43350800000007
79.00939290000036	122.35300800000007
79.50474890000037	119.97529800000008
80.00010490000037	117.59758800000009
80.49546090000037	115.2198780000001
80.99081690000037	112.8421680000001
81.48617290000037	110.4644580000001
81.01833690000036	112.77611800000011
80.55050090000036	115.08777800000011
80.08266490000035	117.39943800000012
79.61482890000035	119.71109800000012
79.14699290000034	122.02275800000012
78.67915690000034	124.33441800000013
78.21132090000033	126.64607800000013
77.74348490000033	128.95773800000012
77.27564890000032	131.2693980000001
77.33756840000032	133.5913780000001
77.39948790000032	135.9133580000001
77.46140740000033	138.2353380000001
77.52332690000033	140.5573180000001
77.58524640000033	142.8792980000001
77.64716590000033	145.2012780000001
77.70908540000033	147.52325800000008
77.77100490000034	149.84523800000008
75.29422490000033	149.96907800000008
72.81744490000032	150.09291800000008
70.34066490000032	150.21675800000008
67.86388490000031	150.34059800000009
67.98772390000032	148.17341800000008
68.11156290000032	146.00623800000008
68.23540190000033	143.83905800000008
68.35924090000033	141.67187800000008
68.50784790000033	139.59137800000008
68.65645490000033	137.51087800000008
68.80506190000033	135.43037800000008
68.95366890000032	133.34987800000007
69.10227590000032	131.26937800000007
68.91651790000031	128.97835800000007
68.73075890000031	126.68733800000007
68.5450009000003	124.39631800000006
68.3592419000003	122.10529800000006
67.8638859000003	119.79363800000006
67.3685299000003	117.48197800000005
66.8731739000003	115.17031800000005
65.7586239000003	112.94121800000005
64.64407390000031	110.71210800000004
65.3458279000003	112.89992800000005
66.0475819000003	115.08774800000005
66.74933590000029	117.27556800000005
67.45108990000028	119.46338800000005
68.15284390000028	121.65120800000005
68.85459790000027	123.83902800000006
68.79267840000027	126.25388800000006
68.73075890000027	128.66874800000005
68.66883940000027	131.08360800000005
68.60691990000026	133.49846800000006
68.54500040000026	135.91332800000006
68.48308090000026	138.32818800000007
68.42116140000026	140.74304800000007
68.35924190000026	143.15790800000008
68.29732240000025	145.57276800000008
68.23540290000025	147.9876280000001
68.17348340000025	150.4024880000001
68.11156390000025	152.8173480000001
66.13014390000025	152.8173480000001
65.38710990000025	154.7987680000001
64.14871990000026	153.6842180000001
62.91032990000026	152.5696680000001
62.78649090000026	154.55109800000008
62.66265190000026	156.5325180000001
60.92890190000026	155.2941280000001
59.19515190000026	154.05573800000008
58.45211790000026	156.0371580000001
57.33756790000026	155.2941230000001
56.22301790000026	154.5510880000001
54.86078790000026	154.9226080000001
53.498557900000264	155.29412800000011
53.498557900000264	153.5603880000001
53.498557900000264	151.82663800000012
52.26016790000026	150.1919580000001
51.02177790000026	148.5572780000001
49.78338790000026	146.9225980000001
48.544997900000254	145.2879180000001
47.30660790000025	143.6532380000001
46.37781490000025	141.4860580000001
45.449021900000254	139.3188780000001
44.520228900000255	137.1516980000001
43.591435900000256	134.9845180000001
42.97224090000026	132.6934980000001
42.35304590000026	130.4024780000001
41.73385090000026	128.11145800000008
41.114655900000265	125.82043800000008
41.716159900000264	127.90800800000008
42.31766390000026	129.99557800000008
42.91916790000026	132.08314800000008
43.52067190000026	134.17071800000008
44.12217590000026	136.25828800000008
44.723679900000256	138.34585800000008
45.325183900000255	140.43342800000008
46.48101390000026	142.53868800000006
47.63684390000026	144.64394800000005
48.79267390000026	146.74920800000004
49.94850390000026	148.85446800000003
51.10433390000026	150.959728
52.260163900000265	153.064988
50.36129390000026	153.477785
48.46242390000026	153.89058200000002
46.56356390000026	154.30337900000004
45.07749390000026	153.80801900000003
45.16005320000026	151.74403900000004
45.24261250000026	149.68005900000006
45.32517180000026	147.61607900000007
45.07749380000026	149.53558900000007
44.82981580000026	151.45508900000007
44.58213780000026	153.37458900000007
44.33445980000026	155.29409900000007
42.35303980000026	155.78944900000008
40.37161980000026	155.04641900000007
38.39019980000026	154.30338900000007
36.65644980000026	152.81731900000005
34.92269980000026	151.33124900000004
33.18894980000026	149.84517900000003
31.45519980000026	148.35910900000002
30.21680980000026	146.56344900000002
28.97841980000026	144.76777900000002
27.74002980000026	142.97211900000002
26.501639800000262	141.17644900000002
25.164179800000262	139.34362900000002
23.826719800000262	137.51080900000002
22.489259800000262	135.67798900000003
21.151799800000262	133.84516900000003
19.814339800000262	132.01234900000003
20.30969680000026	131.26931900000002
21.67192680000026	132.75538900000004
23.03415680000026	134.24145900000005
24.39638680000026	135.72752900000006
25.75861680000026	137.21359900000007
24.829823800000263	135.47985900000006
23.901030800000264	133.74611900000005
22.972237800000265	132.01237900000004
22.043445800000264	130.27862900000005
23.034157800000262	129.28791400000006
24.02486980000026	128.29719900000006
25.07749980000026	130.34054900000007
26.13012980000026	132.38389900000007
27.182759800000262	134.42724900000007
28.235389800000263	136.47058900000007
27.49235580000026	134.30340900000007
26.74932180000026	132.13622900000007
26.00628780000026	129.96904900000007
25.263253800000257	127.80186900000007
26.74932380000026	128.62746200000007
28.23539380000026	129.45305500000006
29.72146380000026	130.27864800000006
31.29009380000026	131.35191800000007
32.85872380000026	132.42518800000008
34.42735380000026	133.49845800000008
35.04654880000026	134.7368480000001
35.66574380000026	135.9752380000001
34.61311380000026	134.3034080000001
33.560483800000256	132.6315880000001
32.507853800000255	130.9597580000001
31.455223800000255	129.2879380000001
31.785460800000255	127.22395800000011
32.115697800000255	125.15997800000011
32.44593480000025	123.09599800000011
33.436646800000254	120.9288080000001
34.427358800000256	118.7616280000001
35.41807080000026	116.5944480000001
36.40878280000026	114.4272580000001
37.49856280000026	112.4953680000001
38.588342800000255	110.5634780000001
39.67812280000025	108.63158800000011
40.76790280000025	106.69969800000011
41.85768280000025	104.76780800000012
42.518157800000246	102.62126800000011
43.178632800000244	100.47472800000011
43.83910780000024	98.32818800000011
44.16934480000024	96.26420800000011
44.499581800000236	94.20022800000011
44.82981880000023	92.13624800000011
46.31588880000023	93.68423800000011
47.80195880000023	95.2322280000001
49.28802880000023	96.7802180000001
50.774098800000225	98.3282080000001
52.569768800000226	99.2570000000001
54.36543880000023	100.1857920000001
56.16110880000023	101.11458400000011
57.95677880000023	102.04337600000011
56.09918880000023	100.74306600000011
54.24160880000023	99.44275600000012
52.38401880000023	98.14244600000012
50.526428800000225	96.84213600000012
49.16419880000023	95.47990600000013
47.80196880000023	94.11767600000013
46.439738800000235	92.75544600000013
45.07750880000024	91.39321600000014
46.93509880000024	90.27866600000014
48.79268880000024	89.16411600000015
49.70084180000024	87.43036600000015
50.60899480000024	85.69661600000015
51.51714780000024	83.96286600000015
50.89795280000024	81.60992600000014
50.27875780000024	79.25698600000014
49.20548780000024	77.85347600000014
48.13221780000024	76.44996600000015
47.05894780000024	75.04645600000015
44.82984780000024	74.17958300000015
42.600747800000235	73.31270900000015
40.619327800000235	74.42725900000015
38.637907800000235	75.54180900000014
38.390229800000235	78.01858900000015
38.142551800000234	80.49536900000015
38.47278880000023	82.39422900000015
38.80302580000023	84.29308900000015
39.133262800000225	86.19194900000015
40.45421280000023	87.76057900000015
41.77516280000023	89.32920900000015
43.096112800000235	90.89783900000015
41.85772280000023	89.01548900000014
40.61933280000023	87.13313900000014
39.38094280000023	85.25078900000014
38.142552800000225	83.36843900000014
36.90416280000022	81.48608900000013
37.35823880000022	79.38082900000013
37.81231480000022	77.27556900000013
38.266390800000224	75.17030900000013
38.720466800000224	73.06504900000013
39.174542800000225	70.95978900000013
39.628618800000226	68.85452900000013
40.00013580000022	66.81118900000013
40.37165280000022	64.76784900000013
40.74316980000022	62.724509000000126
41.114686800000214	60.681169000000125
41.032127500000215	58.28694900000013
40.949568200000215	55.89272900000013
40.867008900000215	53.49850900000013
42.954578900000215	54.34769100000013
45.042148900000214	55.19687300000013
47.12971890000021	56.04605500000013
49.21728890000021	56.89523700000013
51.30485890000021	57.74441900000013
53.39242890000021	58.59360100000013
55.47999890000021	59.44278300000013
54.24160890000021	59.93813900000013
53.003218900000206	60.433496000000126
52.87937990000021	61.919566000000124
52.75554090000021	63.40563600000012
54.48929090000021	65.13938600000012
56.09920090000021	64.76786900000012
57.70911090000021	64.39635200000012
57.95678890000021	63.034122000000124
58.20446690000021	61.67189200000013
57.337593900000215	60.557342000000126
56.47072090000022	59.442792000000125
57.54399090000022	60.92886200000012
58.61726090000022	62.41493200000012
59.69053090000022	63.90100200000012
59.31901390000022	65.63475200000012
58.947496900000225	67.36850200000012
58.20446290000022	68.73073200000012
57.46142890000022	70.09296200000011
56.22303890000022	70.95983500000011
54.98464890000022	71.82670800000011
56.52024890000022	73.31277800000011
58.05584890000022	74.7988480000001
59.59144890000022	76.2849180000001
61.127048900000226	77.7709880000001
62.66264890000023	79.2570580000001
64.64406890000024	79.3808970000001
66.62548890000024	79.50473600000011
68.35923890000024	79.3808970000001
70.09298890000024	79.2570580000001
71.45521890000023	78.6378630000001
72.81744890000023	78.01866800000009
74.55119890000023	79.13321800000008
76.28494890000023	80.24776800000008
78.39020890000023	80.49544600000007
80.49546890000023	80.74312400000007
82.1053	80.3715
83.7152	80.0
82.18785	78.39009
80.6605	76.78018
79.13315	75.17027
77.6058	73.56036
76.07845	71.95045
74.5511	70.34054
73.06503000000001	69.10215000000001
71.82664000000001	69.59750600000001
70.58825000000002	70.09286200000001
72.56967000000002	71.57893200000001
73.80806000000001	71.08357600000001
75.37669000000001	72.528366
76.94532000000001	73.973156
78.51395000000001	75.417946
80.08258000000001	76.862736
81.65121	78.307526
83.21984	79.752316
81.6099	80.3715
80.0	80.9907
78.2043	80.1238
76.4087	79.257
74.613	78.3901
72.8173	77.5232
70.7121	78.7616
68.6068	80.0
66.2539	80.1238
63.9009	80.2477
62.1176	78.5635
60.3344	76.8793
58.5511	75.195
56.7678	73.5108
54.9845	71.8266
52.6316	71.4551
50.2786	71.0836
48.7926	69.7214
47.3065	68.3591
46.8111	66.13
46.3158	63.9009
47.5542	62.4149
48.7926	60.9288
50.1548	60.0619
51.517	59.195
53.2508	58.9474
54.9845	58.6997
52.9323	57.7797
50.8801	56.8598
48.828	55.9398
46.7758	55.0199
44.7236	54.1
42.6714	53.18
40.6192	52.2601
41.7337	50.2167
42.8483	48.1734
43.9628	46.13
45.0774	44.0867
46.192	42.9721
47.3065	41.8576
45.9856	43.0134
44.6646	44.1692
43.3437	45.3251
41.3622	43.839
39.3808	42.3529
37.3994	40.8669
35.6656	39.5459
33.9319	38.225
32.1981	36.904
31.1249	35.5005
30.0516	34.097
28.9783	32.6935
27.2446	31.4551
25.5108	30.2167
23.7771	28.9783
22.5387	27.2446
22.0433	25.4283
21.548	23.612
21.0526	21.7957
20.6398	19.8142
20.227	17.8328
19.8142	15.8514
19.4014	13.87
18.9886	11.8885
18.5759	9.90712
19.0402	12.1981
19.5046	14.4892
19.969	16.7802
20.4334	19.0712
20.8978	21.3622
21.3622	23.6533
21.8266	25.9443
22.291	28.2353
20.8669	26.9969
19.4427	25.7585
18.0186	24.5201
16.5944	23.2817
15.7276	21.6099
14.8607	19.9381
13.9938	18.2663
13.1269	16.5944
11.9505	14.6749
10.774	12.7554
9.59752	10.8359
8.42105	8.91641
7.5129	6.60475
6.60475	4.29309
5.69659	1.98142
7.67801	1.98142
9.65943	2.476776
11.64085	2.972132
13.49844	3.6532470000000004
15.35603	4.3343620000000005
17.21362	5.015477000000001
19.0712	5.69659
