185.967	133.334
185.967	131.177
185.967	129.01999999999998
185.967	126.86299999999999
185.967	124.70599999999999
185.967	122.54899999999999
185.967	120.392
186.06287	118.0912
186.15874	115.7904
186.25460999999999	113.48960000000001
186.35047329999998	111.18881
186.44633659999997	108.88802
186.54219989999996	106.58722999999999
186.54219989999996	104.33436999999999
186.54219989999996	102.08151
186.54219989999996	99.82865
186.54219989999996	97.57579
186.54219989999996	95.32293
186.54219989999996	93.07007
186.54219989999996	90.80522
186.54219989999996	88.54037000000001
186.54219989999996	86.27552000000001
186.54219989999996	84.01067000000002
186.54219989999996	81.74582000000002
186.54219989999996	79.48097000000003
186.54219989999996	77.21612000000003
186.54219989999996	74.95127000000004
186.49427319999995	72.89014000000003
186.44634649999995	70.82901000000003
186.39841979999994	68.76788000000002
186.35049309999994	66.70675000000001
186.30256639999993	64.64562000000001
186.25463969999993	62.58449000000001
187.69263969999992	61.72169100000001
189.13062969999993	60.85889300000001
186.97362969999992	60.42749200000001
184.8166296999999	59.99609000000001
186.2546296999999	58.55809000000001
187.69262969999988	57.120090000000005
185.82323969999987	56.976289
183.95383969999986	56.832489
185.39183969999985	55.106889
186.82982969999986	53.381289
184.62489969999987	53.093689000000005
182.41996969999988	52.80608900000001
180.2150396999999	52.51848900000001
181.07783969999988	50.40942900000001
181.94063969999988	48.30036900000001
182.80343969999987	46.19130900000001
180.86213969999986	45.472310000000014
178.92083969999985	44.75331100000002
176.97953969999983	44.03431200000002
175.03823969999982	43.315313000000025
175.03823969999982	41.589713000000025
175.03823969999982	39.864113000000025
173.3126496999998	39.864113000000025
171.5870596999998	39.864113000000025
169.8614696999998	39.864113000000025
169.6697326999998	37.946783000000025
169.4779956999998	36.029453000000025
169.28625869999982	34.112123000000025
167.2730686999998	34.112123000000025
167.2730686999998	31.955123000000025
167.2730686999998	29.798133000000025
164.8764086999998	30.277465000000024
162.47974869999982	30.756797000000024
160.08308869999982	31.236129000000023
159.02855869999982	29.318799000000023
157.97402869999982	27.401469000000024
156.91949869999982	25.484139000000024
155.62529869999983	25.484139000000024
154.33109869999984	25.484139000000024
152.89308869999985	24.189939000000024
151.45507869999986	22.895739000000024
150.01706869999987	21.601539000000024
148.57906869999988	20.307339000000024
146.3741386999999	20.211472700000023
144.1692086999999	20.115606400000022
141.9642786999999	20.01974010000002
141.3890786999999	18.43794010000002
140.81387869999992	16.85614010000002
138.8006786999999	16.85614010000002
136.7874786999999	16.85614010000002
134.77427869999988	16.85614010000002
132.76107869999987	16.85614010000002
132.47348169999987	15.034680100000019
132.18588469999986	13.213220100000019
131.89828769999986	11.391760100000019
130.07682769999985	11.008294100000018
128.25536769999985	10.624828100000018
126.43390769999985	10.241362100000018
124.42070769999985	9.666163100000018
122.40750769999985	9.090964100000019
120.32241769999986	8.371965100000018
118.23731769999986	7.652966100000018
116.15222769999987	6.933967100000018
114.06713769999988	6.214968100000018
112.19453769999987	6.088833100000018
110.32192769999988	5.9626981000000185
108.02499769999987	5.9046201000000185
105.95018769999987	5.915146400000019
103.87537769999987	5.925672600000019
101.80056769999987	5.936198800000019
99.72575769999987	5.946725000000019
97.65094769999988	5.957251800000019
95.57613769999988	5.967778500000019
93.50132769999988	5.978305300000019
91.42651769999988	5.988832000000019
89.43245769999987	6.229080000000019
87.43839769999987	6.4693280000000195
85.44433769999986	6.70957600000002
83.45027769999986	6.94982400000002
81.45621769999985	7.19007200000002
79.46215769999985	7.4303200000000205
77.46809769999984	7.670568000000021
75.47403769999984	7.910816000000021
73.42391769999983	8.858995000000021
71.37379769999983	9.807174000000021
69.32367769999982	10.75535300000002
67.27355769999981	11.70353200000002
65.2234376999998	12.65171100000002
63.17331769999981	13.59989000000002
61.12319769999981	14.54806900000002
59.07307769999981	15.49624800000002
57.02295769999981	16.44442700000002
54.97283769999981	17.39260600000002
52.92271769999981	18.34078600000002
50.87259769999981	19.28896600000002
48.82247769999981	20.23714600000002
46.77235769999981	21.18532600000002
44.72223769999981	22.133506000000022
43.29996769999981	23.978616000000024
41.877697699999814	25.823726000000022
40.45542769999982	27.66883600000002
39.03315769999982	29.51394600000002
37.61088769999982	31.359056000000017
36.13736769999982	33.02478600000002
34.66384769999982	34.69051600000002
33.19032769999982	36.35624600000001
31.71680769999982	38.02197600000001
30.24328769999982	39.687706000000006
28.769767699999818	41.353436
26.943877699999817	42.650776
25.117987699999816	43.948116
23.292097699999815	45.245456
21.466207699999813	46.542795999999996
23.580397699999814	47.50378799999999
25.694587699999815	48.46477999999999
27.808777699999816	49.42577199999999
29.602627699999815	50.77116199999999
31.396477699999814	52.11655199999999
33.19032769999981	53.46194199999999
35.522577699999815	53.58491299999999
37.85482769999982	53.70788399999999
40.18707769999982	53.83085499999999
42.08274769999982	53.046437999999995
43.978417699999824	52.262021
45.874087699999826	51.477604
47.76975769999983	50.693187
49.66542769999983	49.908770000000004
51.561097699999834	49.124354000000004
53.45676769999984	48.339938000000004
55.35243769999984	47.555522
56.79053769999984	46.117432
58.22863769999984	44.679342
59.666737699999835	43.241251999999996
61.104837699999834	41.80316199999999
63.45808769999984	42.06463399999999
65.81133769999984	42.32610599999999
68.16458769999984	42.587577999999986
70.51783769999984	42.849049999999984
71.98207769999985	44.31328999999998
73.44631769999985	45.77752999999998
74.91055769999986	47.241769999999974
76.37479769999986	48.70600999999997
77.83903769999986	50.17024999999997
79.73470769999986	50.235617799999964
81.63037769999985	50.30098559999996
83.52604769999985	50.366353299999965
85.42171769999985	50.43172099999997
87.31738769999984	50.49708899999997
89.21305769999984	50.56245699999997
91.10872769999983	50.627824999999966
93.00439769999983	50.693192999999965
94.74754769999983	49.734461999999965
96.49069769999983	48.775730999999965
98.23384769999983	47.816999999999965
99.97699769999983	46.858268999999964
101.72013769999982	45.899537999999964
103.46327769999982	44.940806999999964
105.22821769999982	45.659854999999965
106.99315769999981	46.378902999999966
108.75809769999981	47.097950999999966
110.5230376999998	47.81699899999997
112.2879776999998	48.53604699999997
114.0529176999998	49.25509499999997
115.81785769999979	49.97414299999997
117.58279769999979	50.69319099999997
119.62228769999979	50.79777999999997
121.66177769999979	50.902368999999965
123.70126769999979	51.00695799999996
125.74075769999979	51.11154699999996
127.78024769999979	51.216135999999956
129.8197376999998	51.32072499999995
131.8592276999998	51.42531399999995
133.8987176999998	51.52990299999995
135.9382076999998	51.634491999999945
137.9776976999998	51.73908099999994
140.24378769999979	51.39045199999994
142.50987769999978	51.04182299999994
144.77596769999977	50.693193999999934
146.67163769999976	52.00055399999994
148.56731769999976	53.30791399999994
150.46299769999976	54.61527399999994
152.35866769999976	55.922633999999945
154.25433769999975	57.22999399999995
156.15000769999975	58.53735399999995
158.04567769999974	59.844713999999954
159.94134769999974	61.152073999999956
161.16154769999974	63.15669399999996
162.38174769999975	65.16131399999996
163.60194769999976	67.16593399999996
164.82214769999976	69.17055399999997
166.04234769999977	71.17517399999997
167.26254769999977	73.17979399999997
168.04696269999977	75.40230399999997
168.83137769999976	77.62481399999997
169.61579269999976	79.84732399999997
170.40020769999975	82.06983399999997
169.70295269999974	83.98730399999997
169.00569769999973	85.90477399999996
168.30844269999972	87.82224399999996
167.6111876999997	89.73971399999995
166.9139256999997	91.65718399999994
166.21666269999972	93.57465399999994
165.51940069999972	95.49212399999993
164.82213869999973	97.40959399999993
164.12487869999973	99.32706399999992
163.42761869999973	101.24453399999992
162.73035869999973	103.16200399999991
162.03309869999973	105.0794739999999
162.02492369999973	107.35639399999991
162.01674869999974	109.63331399999991
162.00857369999974	111.91023399999992
162.00039869999975	114.18715399999992
161.99222369999976	116.46407399999993
161.98404869999976	118.74099399999993
161.97587369999977	121.01791399999993
161.96769869999977	123.29483399999994
161.95952369999978	125.57175399999994
161.95134869999978	127.84867399999995
161.9431736999998	130.12559399999995
161.9349986999998	132.40251399999994
159.6440986999998	131.95919399999994
157.3531986999998	131.51587399999994
155.06229869999981	131.07255399999994
152.77139869999982	130.62923399999994
150.48049869999983	130.18591399999994
148.18959869999983	129.74259399999994
145.89870869999984	129.29927399999994
143.60780869999985	128.85595399999994
141.25482869999985	128.85595399999994
139.88226869999986	127.63045399999994
138.50969869999986	126.40494399999994
137.33320869999986	124.34609399999994
136.15672869999986	122.28724399999993
134.52272869999987	120.94735399999993
132.8887286999999	119.60746399999994
131.2547286999999	118.26757399999994
129.5880386999999	117.15644399999994
127.92134869999991	116.04531399999993
126.25465869999991	114.93418399999993
124.1369786999999	114.64006399999992
122.0192986999999	114.34594399999992
119.90161869999989	114.05182399999991
117.78393869999988	113.7577039999999
115.66625869999987	113.4635839999999
113.28059869999987	114.0191439999999
110.89493869999987	114.5747039999999
108.50927869999987	115.1302639999999
106.59748869999987	116.55185399999989
104.68570869999988	117.97344399999989
106.35239869999988	117.15643699999988
108.01908869999988	116.33942999999988
109.68577869999989	115.52242299999988
110.42108369999988	117.53225299999987
111.15638869999988	119.54209299999987
113.41131869999988	120.09765299999987
115.66624869999988	120.65321299999987
117.92117869999988	121.20877299999987
120.17610869999989	121.47021599999987
122.43103869999989	121.73165899999987
124.68596869999989	121.99310199999987
126.7774986999999	121.82969899999986
128.8690286999999	121.66629599999986
130.9605586999999	121.50289299999986
130.30695869999988	119.96692299999985
129.65335869999987	118.43095299999985
128.99975869999986	116.89498299999984
128.85269869999985	118.41461299999985
128.70563869999984	119.93424299999985
126.54874869999983	120.27738299999986
124.39184869999984	120.62052299999986
122.57810869999985	120.27738299999986
120.76435869999985	119.93424299999985
119.09766869999984	119.24795999999985
117.43097869999984	118.56167699999985
115.76428869999984	117.87539399999984
115.61722369999984	116.06164399999984
115.47015869999984	114.24789399999985
117.67606869999985	114.54201399999985
119.88197869999985	114.83613399999986
119.88197869999985	116.79693399999987
120.76434869999984	117.77734399999987
122.33299869999985	117.87544399999987
123.90163869999985	117.38523399999987
124.29377869999985	115.91462399999988
123.99964869999985	114.64010399999988
121.92499869999985	114.36359299999988
119.84281869999985	114.15079199999988
117.75477869999985	114.00691399999988
115.66256869999985	113.95390679999988
113.57182869999986	114.03934079999989
111.51084869999985	114.3870337999999
109.53187869999985	115.1967247999999
107.66505869999985	116.24429479999989
105.86755869999985	117.4075347999999
104.11922869999985	118.6435647999999
102.41009869999985	119.93331479999989
100.73871869999985	121.2716247999999
102.49225869999985	122.2868347999999
104.24579869999985	123.30204479999989
105.99933869999985	124.31725479999989
107.75287869999985	125.33246479999988
109.64485869999986	125.84006979999988
111.53683869999986	126.34767479999988
113.42881869999987	126.85527979999988
115.32079869999987	127.36288479999988
117.21277869999987	127.87049179999987
119.10475869999988	128.37809979999986
120.99673869999988	128.88570779999986
122.88871869999988	129.39331479999987
125.22677869999988	129.27026479999986
127.56483869999988	129.14721479999986
129.9028986999999	129.02416479999985
131.7487386999999	128.19353779999986
133.59457869999991	127.36291079999985
135.44041869999992	126.53228279999985
137.28625869999993	125.70165579999984
138.87274869999993	124.35393579999985
140.45923869999993	123.00621579999985
142.04572869999993	121.65849579999986
143.63221869999992	120.31077579999986
145.21870869999992	118.96305579999986
143.60144869999993	117.48442579999987
141.98418869999995	116.00579579999987
140.36692869999996	114.52716579999988
138.74966869999997	113.04853579999988
137.13240869999998	111.56990579999989
135.5151487	110.09127579999989
133.6437487	109.32885879999989
131.7723487	108.5664407999999
129.90094870000001	107.8040237999999
128.02955870000002	107.0416067999999
126.15816870000002	106.2791897999999
124.28677870000001	105.5167727999999
122.41537870000002	104.7543557999999
120.54397870000003	103.9919377999999
118.39534870000003	104.1305577999999
116.24671870000003	104.26917779999991
114.09808870000003	104.40779779999991
111.94944870000003	104.54641779999992
109.80081870000004	104.68503979999991
107.65218870000004	104.82366279999991
105.50355870000004	104.9622847999999
103.35491870000004	105.1009067999999
101.41421870000003	105.5860817999999
99.47351870000003	106.0712567999999
97.53281870000002	106.5564317999999
95.59211870000001	107.0416067999999
95.59211870000001	109.07471679999989
95.59211870000001	111.10782679999988
95.59211870000001	113.14093679999988
95.59211870000001	115.17404679999987
95.59211870000001	117.20715679999986
95.59211870000001	119.24026679999986
95.42577270000001	121.51366679999985
95.2594267	123.78706679999985
95.0930807	126.06046679999984
94.9267347	128.33386679999984
94.7603887	130.60726679999985
94.86435469999999	132.72124679999985
94.96832069999999	134.83521679999984
95.07228669999999	136.94919679999984
95.17625269999999	139.06316679999983
95.28021969999999	141.17713679999983
95.38418569999999	143.29110679999982
95.48815169999999	145.40507679999982
95.59211769999999	147.5190467999998
97.16315769999999	148.81284679999982
98.73419769999998	150.10664679999982
100.30523769999998	151.40044679999983
100.58248069999998	153.43355679999982
100.85972369999998	155.4666667999998
101.13696669999997	157.4997767999998
100.72110169999998	159.3018567999998
100.30523669999998	161.1039367999998
98.27212669999999	161.2887667999998
96.2390167	161.4735967999998
94.2059067	161.6584267999998
93.9286667	161.3811767999998
93.9286667	162.7674067999998
91.8493467	162.9060217999998
89.7700267	163.04463679999978
87.5520767	163.04463679999978
85.3341267	163.04463679999978
84.3637767	161.93566679999978
83.3934267	160.82668679999978
85.77211670000001	160.7840842999998
88.15080670000002	160.7414817999998
90.52949670000002	160.69887929999982
92.90818670000003	160.65627679999983
90.56833670000003	160.52825679999984
88.22848670000003	160.40023679999985
85.88863670000003	160.27221679999985
83.85552670000004	160.36463009999986
81.82241670000005	160.45704339999986
79.78930670000005	160.54945669999987
77.57136670000006	161.65842669999986
75.35342670000006	162.76739669999986
73.13548670000006	163.87636669999986
71.12547670000006	163.66843669999986
69.11546670000007	163.46050669999985
67.10545670000008	163.25257669999985
65.09543670000008	163.04464669999984
64.67080170000008	162.46545669999983
63.526261700000084	162.66744669999983
62.14608170000008	162.73474169999983
60.76590170000008	162.80203669999983
59.62136170000008	161.92680169999983
58.47682170000008	161.05156669999982
60.48687170000008	160.55078669999983
62.49692170000008	160.05000669999984
64.34996170000008	161.45629669999985
64.26368170000008	159.99490669999986
62.60022170000008	159.99490669999986
60.936761700000076	159.99490669999986
58.857441700000074	160.68802169999987
56.77812170000007	161.38113669999987
56.316048700000074	159.53284669999988
55.85397570000008	157.6845566999999
55.39190270000008	155.8362666999999
55.85397570000008	154.0803966999999
56.316048700000074	152.32452669999992
56.77812170000007	150.56865669999993
58.49768170000007	149.60546669999994
60.21724170000007	148.64227669999994
60.95951470000007	150.70725669999993
61.70178770000007	152.77223669999992
62.444060700000065	154.8372166999999
63.18633370000006	156.9021966999999
63.92860670000006	158.9671766999999
63.67050470000006	157.5476066999999
63.41240270000006	156.1280466999999
62.76714770000006	154.2568066999999
62.12189270000006	152.3855666999999
61.47663770000006	150.5143266999999
60.83138270000006	148.6430866999999
61.94982270000006	146.57826669999992
63.06826270000006	144.51344669999992
64.18670270000007	142.44862669999992
65.30514270000008	140.3407966999999
66.42358270000008	138.2329666999999
67.54202270000009	136.1251366999999
68.6604627000001	134.0173066999999
69.7789027000001	131.90947669999989
70.89734270000011	129.80164669999988
70.74248070000012	127.58196669999988
70.58761870000012	125.36228669999988
70.43275670000013	123.14260669999989
70.27789470000013	120.92292669999989
70.12303270000014	118.7032466999999
69.99398170000013	116.2512866999999
69.86493070000013	113.7993266999999
69.73587970000013	111.3473666999999
69.60682870000012	108.8954066999999
68.00635870000012	108.64637169999989
66.40588870000012	108.39733669999988
64.48978870000012	107.77402669999988
62.57368870000012	107.15071669999988
60.65758870000012	106.52740669999987
58.74148870000012	105.90409669999987
56.82538870000012	105.28078669999987
54.793858700000115	105.23461869999987
52.76232870000011	105.18845069999988
50.73079870000011	105.14228269999988
48.699268700000104	105.09611469999989
46.6677387000001	105.0499466999999
44.5034687000001	105.9445116999999
42.3391987000001	106.8390766999999
40.174928700000095	107.7336416999999
38.01065870000009	108.6282066999999
36.18689870000009	109.66705669999989
34.36313870000009	110.70590669999989
32.53937870000009	111.74475669999988
30.715618700000093	112.78360669999988
28.891858700000093	113.82245669999988
27.737558700000093	112.20640669999987
27.660613000000094	110.32108669999988
27.583667300000094	108.43576669999987
27.506721600000095	106.55044669999987
29.093851600000093	105.28073669999986
30.68098160000009	104.01102669999986
32.26811160000009	102.74131669999986
33.85524160000009	101.47160669999985
35.12495160000009	101.64475669999986
36.39466160000009	101.81790669999987
38.55893160000009	100.86562669999986
40.723201600000095	99.91334769999986
42.8874716000001	98.96106769999986
45.0517416000001	98.00878769999986
47.2679616000001	98.07804829999986
49.4841816000001	98.14730889999987
51.7004016000001	98.21656949999988
53.9166216000001	98.28583009999988
56.1328416000001	98.35509069999989
58.095111600000095	99.6248006999999
60.05738160000009	100.8945106999999
62.01965160000009	102.1642206999999
63.83764160000009	103.7224906999999
65.65563160000009	105.28076069999989
67.47362160000009	106.83903069999988
69.29161160000008	108.39731069999988
67.96419160000008	110.10565069999988
66.63677160000007	111.81399069999989
65.30935160000007	113.5223306999999
63.98193160000007	115.2306706999999
62.65451160000006	116.93901069999991
61.44252160000006	115.32302069999992
59.44176160000006	114.59197769999992
57.441001600000064	113.86093469999992
55.440241600000064	113.12989169999992
53.218251600000066	113.27417669999991
50.99626160000007	113.41846169999991
48.77427160000007	113.5627466999999
46.55228160000007	113.7070316999999
44.84972160000007	114.57274169999991
43.147161600000075	115.43845169999992
41.44460160000008	116.30416169999992
39.74204160000008	117.16987169999993
37.952901600000075	118.49729169999993
36.16376160000007	119.82471169999994
34.37462160000007	121.15212169999994
32.585481600000065	122.47953169999994
31.739010600000064	124.55723169999993
30.892539600000063	126.63493169999992
30.046068600000062	128.71263169999992
32.08529860000006	128.67416169999993
34.12452860000006	128.63569169999994
36.163758600000065	128.59722169999995
38.51848860000007	128.64338969999994
40.87321860000007	128.68955769999994
43.227948600000076	128.73572569999993
45.58267860000008	128.78189369999993
47.93740860000008	128.82806169999992
49.87082860000008	128.13549469999992
51.80424860000008	127.44292769999993
53.73766860000008	126.75036069999993
55.671088600000076	126.05779269999994
57.34478860000007	124.96123269999994
59.01848860000007	123.86466269999994
59.97076660000007	121.87354269999994
60.92304460000007	119.88241269999995
59.45133460000007	120.54612269999994
57.979624600000065	121.20983269999994
55.87306460000006	121.44068969999994
53.76650460000006	121.67154669999994
51.65994460000006	121.90240369999994
49.55338460000006	122.13326169999993
47.38334460000006	121.97166169999993
45.21330460000006	121.81006169999992
43.04326460000006	121.64846169999991
40.87322460000006	121.4868616999999
38.70318460000006	121.3252616999999
36.74825460000006	119.7807716999999
38.70807460000006	118.5641816999999
40.66789460000006	117.34759169999991
42.62771460000006	116.13100169999991
43.37799460000006	118.2664116999999
44.128274600000054	120.4018316999999
46.26369460000005	120.57498169999991
48.39911460000005	120.74813169999992
50.765374600000044	120.69042669999992
53.13163460000004	120.63272169999992
54.401344600000044	119.82472169999991
55.67105460000005	119.0167216999999
55.67105460000005	117.2275916999999
55.67105460000005	115.4384616999999
54.14732460000005	113.7010316999999
52.33182460000005	114.4233616999999
50.51632460000005	115.1456916999999
51.64544460000005	116.9603516999999
50.79860060000005	118.2507816999999
48.50003060000005	118.2105816999999
47.693512600000055	117.1217816999999
48.31402760000005	115.3629016999999
46.12632760000005	114.1945116999999
44.15137760000005	114.2267341999999
42.17642760000005	114.2589566999999
40.201477600000054	114.2911791999999
38.226527600000054	114.3234016999999
36.251577600000054	114.35562419999991
34.276627600000054	114.38784669999991
32.301677600000055	114.42006919999992
30.326727600000055	114.45229169999992
28.351777600000055	114.48451169999991
26.376827600000055	114.51673169999991
24.401877600000056	114.5489516999999
22.426927600000056	114.5811716999999
22.162654600000057	112.5150316999999
21.898381600000057	110.44889169999989
21.634108600000058	108.38275169999989
21.36983560000006	106.31661169999988
21.10556260000006	104.25047169999988
20.84128960000006	102.18433169999987
20.57701560000006	100.11819169999987
20.31274160000006	98.05205169999986
20.47290660000006	95.93786169999987
20.633071600000058	93.82367169999988
20.793236600000057	91.70948169999988
20.953402600000057	89.59529169999989
21.113568600000058	87.4811016999999
21.273734600000058	85.3669116999999
21.600472600000057	83.31038169999991
21.927210600000056	81.25385169999991
22.253948600000054	79.19732169999992
22.580686600000053	77.14079169999992
22.907424600000052	75.08426169999993
23.23416260000005	73.02773169999993
23.56090060000005	70.97120169999994
23.88763860000005	68.91467169999994
24.214376600000048	66.85814169999995
24.541114600000046	64.80161169999995
25.686504600000045	62.87252169999995
26.831894600000044	60.94343169999995
27.977284600000043	59.014341699999946
29.122684600000042	57.085251699999944
30.26808460000004	55.15616169999994
31.41347460000004	53.22707169999994
30.14094460000004	54.97427169999994
28.86841460000004	56.72147169999994
27.59588460000004	58.46867169999994
26.32335460000004	60.21587169999994
25.05082460000004	61.96307169999994
23.77829460000004	63.710271699999936
23.43132560000004	66.15414169999994
23.08435660000004	68.59801169999994
22.737387600000037	71.04188169999995
22.390418600000036	73.48575169999995
22.043449600000034	75.92962169999996
21.696480600000033	78.37349169999996
21.34951160000003	80.81736169999996
21.00254260000003	83.26123169999997
20.65557360000003	85.70510169999997
20.308604600000027	88.14897169999998
19.961635600000026	90.59284169999998
19.614666600000024	93.03671169999998
19.795694600000026	95.11852169999999
19.976722600000027	97.20033169999999
20.15775060000003	99.2821417
20.33877860000003	101.3639517
20.51980660000003	103.4457617
20.70083360000003	105.52757170000001
20.88186060000003	107.60938170000001
21.062887600000032	109.69119170000002
21.243914600000032	111.77300170000002
21.424941600000032	113.85481170000003
21.758935600000033	115.57038170000003
22.092929600000033	117.28595170000003
22.426923600000034	119.00152170000003
22.426923600000034	121.21180170000002
22.426923600000034	123.42209170000002
22.490987300000032	125.60034170000003
22.55505100000003	127.77859170000004
22.61911470000003	129.95684170000004
20.889324700000028	130.05293670000003
19.159534700000027	130.14903170000002
18.006344700000028	131.20613170000001
16.85315470000003	132.2632217
16.85315470000003	134.6336817
16.85315470000003	137.00414170000002
16.85315470000003	139.37460170000003
17.33365170000003	141.68099170000002
17.81414870000003	143.98738170000001
18.29464570000003	146.2937717
18.77514270000003	148.6001617
19.44783770000003	149.7533517
20.12053270000003	150.9065417
20.31273270000003	148.7282917
20.50493270000003	146.5500417
20.69713270000003	144.37179170000002
20.21663570000003	142.4017617
19.73613870000003	140.4317317
19.25564170000003	138.4617017
18.77514470000003	136.49167169999998
20.69713470000003	135.53067169999997
20.79322970000003	137.16436169999997
20.889324700000028	138.79805169999997
21.33778770000003	140.97630169999996
21.78625070000003	143.15455169999996
22.23471370000003	145.33280169999995
21.89836670000003	147.39894169999994
21.56201970000003	149.46508169999993
21.22567270000003	151.53122169999992
20.88932570000003	153.5973616999999
20.937373200000028	155.95179169999992
20.985420700000027	158.30622169999992
21.033468200000026	160.66065169999993
21.081515700000026	163.01508169999994
21.305746700000025	165.12927169999995
21.529977700000025	167.24346169999995
21.754208700000024	169.35765169999996
21.978441700000026	171.47184169999997
22.202674700000028	173.58603169999998
22.42690770000003	175.7002217
22.64259870000003	177.70270169999998
22.85828970000003	179.70518169999997
23.07398070000003	181.70766169999996
23.289671700000028	183.71014169999995
23.505362700000028	185.71262169999994
23.721053700000027	187.71510169999993
23.936744700000027	189.71758169999993
24.152435700000026	191.72006169999992
25.871855700000026	192.80299169999992
27.591275700000025	193.88592169999993
29.310695700000025	194.96884169999993
31.030115700000025	196.05176169999993
32.28995570000002	197.94153169999993
33.54979570000002	199.83130169999993
34.809635700000015	201.72107169999992
36.06947570000001	203.61084169999992
37.32931570000001	205.50061169999992
38.589155700000006	207.39038169999992
40.028975700000004	208.92019169999992
41.4687957	210.45000169999992
42.9086157	211.9798116999999
44.348435699999996	213.5096216999999
45.78825569999999	215.0394316999999
47.22807569999999	216.5692416999999
45.63275569999999	215.3439116999999
44.03743569999999	214.11858169999988
42.44211569999999	212.89325169999987
40.84679569999999	211.66792169999985
39.251475699999986	210.44259169999984
38.08831569999999	208.75802169999983
36.92515569999999	207.07345169999982
35.76199569999999	205.3888816999998
34.598835699999995	203.7043116999998
33.4356757	202.0197416999998
31.881455699999997	200.3151116999998
30.327235699999996	198.61048169999978
28.773015699999995	196.90585169999977
27.218795699999994	195.20122169999976
25.687685699999996	194.29187169999977
24.156585699999997	193.38252169999978
24.829280699999998	195.37658169999978
25.5019757	197.37064169999977
26.1746707	199.36471169999976
26.8473657	201.35878169999975
27.520060700000002	203.35284169999974
28.192755700000003	205.34690169999973
28.865450700000004	207.34096169999972
29.538145700000005	209.33502169999971
30.595235700000003	211.09684169999971
31.652325700000002	212.85866169999971
32.7094157	214.62048169999971
33.7665057	216.3822916999997
34.823595700000006	218.1441016999997
35.88068570000001	219.9059116999997
37.178025700000006	221.6517216999997
38.475365700000005	223.39753169999972
39.7727057	225.14334169999972
41.0700457	226.88915169999973
42.3673857	228.63496169999974
43.6647257	230.38077169999974
44.9620657	232.12657169999974
46.259405699999995	233.87237169999975
47.55674569999999	235.61818169999975
48.85408569999999	237.36399169999976
50.15142569999999	239.10980169999976
51.44876569999999	240.85561169999977
53.210575699999985	242.23303169999977
54.97238569999998	243.61045169999977
56.73419569999998	244.98787169999977
58.49600569999998	246.36529169999977
60.25781569999997	247.74271169999977
62.01962569999997	249.12013169999977
64.35804569999998	249.47249469999977
66.69646569999998	249.82485769999977
69.03488569999998	250.17722069999976
71.37330569999997	250.52958769999975
73.71172569999997	250.88195469999974
76.05014569999997	251.23432169999973
78.24120569999997	251.1382236999997
80.43226569999996	251.0421256999997
82.62332569999995	250.9460276999997
84.81438569999995	250.84992969999968
87.00544569999994	250.75383169999967
89.19650569999993	250.65772969999966
91.38756569999993	250.56162769999966
93.57862569999992	250.46552569999966
95.76968569999991	250.36942369999966
97.9607456999999	250.27332169999966
99.88272569999991	249.93697669999966
101.80470569999991	249.60063169999967
103.72668569999992	249.26428669999967
105.64866569999992	248.92794169999968
107.57064569999993	248.59159169999967
109.49263569999992	248.25524169999966
111.41462569999992	247.91889169999965
113.33660569999992	247.58254169999964
114.60992569999992	246.16507169999963
115.88324569999992	244.74761169999962
117.15655569999991	243.33015169999962
118.42986569999991	241.9126916999996
119.7031756999999	240.4952216999996
120.9764856999999	239.0777516999996
122.2497956999999	237.6602816999996
123.52310569999989	236.24281169999958
124.56097569999989	234.12862169999957
125.59884569999988	232.01443169999956
126.63671569999988	229.90024169999955
127.67458569999988	227.78605169999955
128.71245569999988	225.67186169999954
129.4812496999999	223.53846169999954
130.2500436999999	221.40506169999955
131.01883769999992	219.27166169999956
131.78763169999993	217.13826169999956
132.55642569999995	215.00486169999957
133.32522169999996	212.87146169999957
134.09401769999997	210.73806169999958
134.86281369999998	208.60466169999958
135.63160969999998	206.4712616999996
136.4004057	204.3378616999996
136.5926057	202.35180169999958
136.78480570000002	200.36574169999957
136.97700570000003	198.37968169999957
137.16920270000003	196.39362169999956
137.36139970000002	194.40756169999955
137.5535967	192.42150169999954
135.6442067	192.67281169999953
133.7348167	192.92412169999952
131.8254267	193.1754316999995
129.9160367	193.4267416999995
128.0066467	193.6780496999995
126.0972567	193.9293566999995
124.1878667	194.18066369999949
122.2784767	194.43197069999948
120.5236967	195.51183069999948
118.7689167	196.59169069999948
117.0141267	197.67155069999947
115.25934670000001	198.75141069999947
113.50456670000001	199.83128069999947
111.74978670000002	200.91115069999947
109.99500670000002	201.99102069999947
108.24022670000002	203.07089069999947
106.26047670000003	204.06076769999947
104.28072670000003	205.05064469999948
102.30097670000004	206.0405216999995
100.32122670000004	207.0303986999995
98.34147670000004	208.0202756999995
96.36172670000005	209.0101526999995
93.99951670000004	209.1451376999995
91.63730670000004	209.2801226999995
89.27509670000003	209.4151076999995
86.91288670000003	209.5500926999995
84.55067670000003	209.68507269999952
82.18846670000002	209.82005269999954
79.82625670000002	209.95503269999955
77.46404670000001	210.09001269999956
75.39430670000002	210.00002269999956
73.32456670000002	209.91003269999956
71.25482670000002	209.82004269999956
69.18508670000003	209.73005939999956
67.11534670000003	209.64007609999956
65.04560670000004	209.55009279999956
63.41795670000003	208.54272279999955
61.79030670000003	207.53536279999955
60.16265670000003	206.52799279999954
58.535006700000025	205.52063279999953
56.907366700000026	204.51326279999952
55.279726700000026	203.50589279999951
53.65208670000003	202.4985227999995
52.02444670000003	201.4911527999995
51.47173470000003	199.4078527999995
50.91902270000003	197.32455279999948
50.36631070000003	195.24125279999947
49.81359870000003	193.15795279999946
49.26088670000003	191.07465279999946
51.33355670000003	191.55296579999947
53.40622670000003	192.03127779999946
55.478896700000035	192.50958979999945
57.55156670000004	192.98790279999946
59.57563670000004	193.58646279999945
61.87937670000004	194.25198779999945
64.18311670000004	194.91751279999946
66.48685670000005	195.58303779999946
68.79059670000005	196.24856279999946
71.24791670000005	196.45333779999947
73.70523670000004	196.6581127999995
76.16255670000004	196.8628877999995
78.61987670000003	197.0676627999995
81.02600670000004	196.9652777999995
83.43213670000004	196.8628927999995
85.83826670000005	196.76050779999952
88.24439670000005	196.65812279999952
90.34336670000005	196.19737579999952
92.44233670000004	195.73662879999952
94.54130670000004	195.27588079999953
96.64027670000003	194.81513279999953
98.97473670000002	194.73322479999953
101.30919670000003	194.65131679999953
103.64365670000004	194.56940879999954
105.97811670000004	194.48750079999954
108.31257670000005	194.40559279999954
110.36033670000005	192.97215279999955
112.40810670000005	191.53871279999956
110.70163670000005	190.92438579999956
108.99516670000006	190.31005879999955
107.28869670000006	189.69573179999955
105.54809670000006	188.77423179999954
103.80749670000006	187.85273179999953
101.89623670000006	187.30666179999955
99.98497670000006	186.76059179999956
98.07371670000006	186.21452179999957
95.71878670000007	185.90735679999958
93.36385670000007	185.60019179999958
91.00892670000007	185.29302679999958
88.65399670000008	184.98586179999958
86.19667670000008	184.72988679999958
83.73935670000009	184.47391179999957
81.28203670000009	184.21793679999956
78.8247167000001	183.96196179999956
76.8311367000001	184.17971879999956
74.8375567000001	184.39747579999957
72.84397670000011	184.61523279999957
70.85040670000011	184.83298279999957
68.8568367000001	185.05073279999957
66.8632667000001	185.26848279999956
64.7071067000001	185.72034579999956
62.5509467000001	186.17220879999957
60.3947867000001	186.62407179999957
58.005726700000096	187.03362479999956
55.616666700000096	187.44317779999955
53.227606700000095	187.85273079999953
51.07770670000009	188.19300779999952
48.92780670000009	188.5332847999995
46.77790670000009	188.8735617999995
44.86511670000009	188.6743117999995
42.952326700000086	188.47506179999948
41.039536700000085	188.27581179999947
40.32224070000009	186.68182179999948
39.60494470000009	185.0878317999995
38.88764870000009	183.4938417999995
38.64854870000009	181.3419517999995
38.40944870000009	179.19006179999948
38.17034870000009	177.03817179999947
38.40944870000009	175.28477179999948
38.64854870000009	173.53137179999948
38.88764870000009	171.77797179999948
40.23257870000009	170.16406179999947
41.57750870000009	168.55015179999947
42.922438700000086	166.93624179999946
44.267368700000084	165.32232179999946
45.626988700000084	163.89578179999947
46.98660870000008	162.46924179999948
48.34622870000008	161.0427017999995
46.75674870000008	162.4843217999995
45.16726870000008	163.9259417999995
43.57778870000008	165.3675617999995
42.21933870000008	166.97552179999948
40.86088870000008	168.58348179999948
39.502438700000084	170.19144179999947
38.14398870000009	171.79939179999946
37.97764870000009	174.01726179999946
37.81130870000009	176.23513179999946
37.64496870000009	178.45300179999947
37.478628700000094	180.67088179999948
38.06082070000009	182.77786179999947
38.64301370000009	184.88484179999946
39.22520570000009	186.99182179999946
39.80739770000009	189.09880179999945
41.78366770000009	190.35761179999946
43.634507700000086	190.26539849999946
45.485347700000084	190.17318519999947
47.33618770000008	190.08097189999947
49.43056770000008	190.59599489999948
51.524947700000084	191.1110178999995
53.619327700000085	191.6260408999995
55.53335770000008	192.1277738999995
57.44738770000008	192.6295068999995
59.361417700000075	193.1312398999995
59.34282770000007	191.04997989999953
59.32423770000007	188.96871989999954
59.305647700000065	186.88745989999956
59.78043670000007	186.82885989999954
59.78043670000007	189.18378989999954
59.78043670000007	191.53871989999953
60.39476370000007	192.76737989999953
62.64731370000007	193.44996989999953
64.89986370000007	194.13255989999953
67.15241370000007	194.81514989999954
66.50937170000007	192.45294989999954
65.86632870000007	190.09074989999954
66.03569470000006	187.98416989999953
66.20506170000006	185.87757989999952
67.90718170000005	185.8805798999995
69.60930170000005	185.8835798999995
71.31142170000004	185.88657989999948
71.24848970000004	187.66763989999947
71.18555770000003	189.44868989999947
71.27894840000003	191.49229989999947
71.37233910000003	193.53590989999947
71.46572980000003	195.57951989999947
73.37606980000004	195.51331989999946
75.28640980000004	195.44711989999945
77.08197980000004	195.46131989999944
78.87754980000004	195.47551989999943
79.15059380000004	193.80591989999942
79.42363780000004	192.13631989999942
79.69668180000004	190.46671989999942
79.70448680000004	188.38093989999942
79.71229180000005	186.29515989999942
81.58746180000004	184.9828898999994
83.92219180000004	184.77182489999942
86.26798180000003	184.9341338999994
88.61444180000002	185.0796838999994
88.51700760000003	187.5685338999994
88.33228060000003	190.05253389999942
88.09834260000004	192.5324438999994
87.85879760000003	195.0118338999994
90.02711760000003	194.8572808999994
92.19543760000002	194.70272789999942
94.36375760000001	194.54817489999942
96.03290760000002	194.17727489999942
96.03290760000002	192.60084489999943
96.03290760000002	191.02442489999942
96.17200160000002	188.6597948999994
96.31109560000002	186.2951548999994
98.32020560000002	187.1606518999994
100.32931560000003	188.0261488999994
102.33842560000004	188.89164589999942
102.24568560000003	191.3490058999994
102.15294560000002	193.8063658999994
103.85492560000003	193.8003992299994
105.55690560000004	193.79443255999942
107.25888560000004	193.78846588999943
108.89627560000004	193.00971288999943
110.53366560000003	192.23095988999944
112.17105560000003	191.45220688999945
114.09142560000004	190.60281388999945
116.01179560000004	189.75342088999946
117.93216560000005	188.90402788999947
119.85253560000005	188.05463088999946
121.77290560000006	187.20523388999945
123.69327560000006	186.35583688999944
123.89838560000007	185.25272688999945
122.90850860000006	183.45294688999945
121.91863160000005	181.65316688999945
120.92875460000005	179.85338688999946
119.93887760000004	178.05360688999946
118.94900060000003	176.25382688999946
117.95912360000003	174.45404688999946
116.66328360000003	172.61827688999946
115.36744360000003	170.78250688999947
114.07160360000003	168.94673688999947
112.77576360000003	167.11096688999947
111.47992360000003	165.27519688999948
110.00424360000004	163.95029688999946
108.52856360000004	162.62539688999945
107.05288360000004	161.30049688999944
105.57719360000004	159.97559688999942
104.10150360000004	158.6506968899994
102.62581360000004	157.3257968899994
100.63760360000005	156.7236898899994
98.64939360000005	156.12158288999942
96.66118360000006	155.51947488999943
94.67297360000006	154.91736688999944
92.68476360000007	154.31525388999944
90.69655360000007	153.71314088999944
88.70834360000008	153.11102888999943
86.72013360000008	152.50891588999943
85.05667360000008	153.98754588999944
83.39321360000008	155.46617588999945
81.72975360000008	156.94480588999946
80.75940360000008	158.60826588999944
79.78905360000009	160.27172588999943
80.47338460000009	158.49034588999942
81.15771560000009	156.7089658899994
82.85759560000008	155.1729358899994
84.55747560000007	153.63690588999938
86.25735560000007	152.10087588999937
86.55807160000006	150.50281588999937
86.85878760000006	148.90476588999937
86.92808360000005	147.10268588999938
86.99737960000004	145.3006058899994
86.77558460000004	143.0826658899994
86.55378960000004	140.8647258899994
86.33199460000004	138.6467858899994
86.11019960000004	136.4288458899994
85.88840460000004	134.2109058899994
85.88840460000004	132.2355458899994
85.88840460000004	130.2601958899994
85.88840460000004	128.2848358899994
85.88840460000004	126.30947588999942
85.88840460000004	124.33411588999942
85.88840460000004	122.35875588999943
85.88840460000004	120.38339588999943
85.88840460000004	118.40804588999943
86.72013360000004	116.52279588999943
87.55186260000004	114.63754588999943
88.38359160000003	112.75229588999943
89.21532060000003	110.86704588999943
90.04704960000002	108.98179588999943
90.97119460000002	107.22592588999943
91.89533960000001	105.47005588999943
92.81948460000001	103.71418588999943
93.74362760000001	101.95831588999943
94.66777060000001	100.20244588999942
95.59191360000001	98.44657588999942
97.53261360000002	98.44657588999942
99.47331360000003	98.44657588999942
101.41401360000003	98.44657588999942
103.86299360000004	98.40036858999942
106.31197360000004	98.35416128999941
108.76095360000005	98.3079539899994
111.20993360000006	98.26174628999941
113.65891360000006	98.21553858999941
116.10789360000007	98.16933088999942
118.25653360000007	98.86243788999941
120.40517360000007	99.55554488999941
122.55381360000007	100.24865188999941
124.70245360000007	100.9417588899994
126.85108360000007	101.6348658899994
128.99971360000006	102.3279728899994
131.14834360000006	103.0210798899994
133.29698360000006	103.7141878899994
135.23769360000006	104.75384788999939
137.17840360000005	105.79350788999939
139.11910360000005	106.83316788999939
141.05981360000004	107.87282788999939
141.78064560000004	109.86897788999939
142.50147760000004	111.86512788999939
143.22230960000005	113.86127788999939
143.94314160000005	115.85742788999939
144.66397360000005	117.85357788999939
146.32207360000004	119.25743788999938
147.98017360000003	120.66129788999937
149.63827360000002	122.06515788999937
151.2963736	123.46901788999936
152.9544736	124.87287788999936
154.6125636	126.27673788999935
156.27065359999997	127.68059788999935
157.92874359999996	129.08445788999936
159.58683359999995	130.48831788999937
161.24492359999994	131.89217788999937
163.39014359999993	132.73580288999938
165.53536359999993	133.57942788999938
167.68058359999992	134.42305288999938
169.82580359999992	135.2666778899994
172.1578035999999	135.6824578899994
174.3203735999999	135.5306678899994
176.48294359999989	135.3788778899994
178.64551359999987	135.22708788999938
180.80808359999986	135.07529788999938
182.97065359999985	134.92350788999937
184.85451359999985	135.56573488999936
186.73837359999985	136.20796188999935
188.62223359999984	136.85018888999934
190.50609359999984	137.49241688999933
192.04743359999983	139.03375688999932
193.58877359999983	140.57509688999932
195.13011359999982	142.1164368899993
195.47263359999982	144.0431168899993
195.81515359999983	145.96979688999932
196.15767359999984	147.89647688999932
196.50019359999985	149.82315688999932
196.28611859999984	152.13515688999934
196.07204359999983	154.44715688999935
195.85796859999982	156.75915688999936
195.6438935999998	159.07116688999935
194.61633359999982	160.91221688999934
193.58877359999983	162.75326688999934
192.56121359999983	164.59431688999933
191.53365359999984	166.43536688999933
190.47754359999985	168.34777688999932
189.42143359999986	170.26018688999932
188.36532359999987	172.1725968899993
187.30922359999988	174.0850068899993
186.2531235999999	175.9974168899993
185.1970235999999	177.9098268899993
184.16946359999992	179.6224268899993
183.14190359999992	181.3350268899993
182.11434359999993	183.04762688999932
181.08678359999993	184.76022688999933
180.02497359999992	186.74684688999932
178.96316359999992	188.7334668899993
177.9013535999999	190.7200868899993
176.8395435999999	192.70670688999928
175.7777335999999	194.69332688999927
174.17930359999988	195.60671388999927
172.58087359999988	196.52010088999927
170.98244359999987	197.43348788999927
169.18420359999988	196.74845288999927
167.3859735999999	196.06341788999927
166.7009335999999	194.69333788999927
166.0158935999999	193.32325788999927
165.80809359999992	191.57989788999927
165.60029359999993	189.83654788999928
166.89692359999992	187.76313788999929
168.19355359999992	185.6897278899993
169.4901835999999	183.6163178899993
170.7868135999999	181.5429078899993
172.0834435999999	179.4694978899993
173.3800735999999	177.3960878899993
174.40763359999988	176.0830978899993
175.43519359999988	174.77010788999928
176.46275359999987	173.45711788999927
178.08972359999987	173.45711788999927
179.71670359999987	173.45711788999927
181.17241359999989	172.17266788999927
182.6281235999999	170.88820788999928
182.6281235999999	169.60378788999927
182.6281235999999	168.31935788999928
181.94316159999988	166.17856788999927
181.25819859999987	164.03777788999926
180.57323659999986	161.89698788999925
179.88827359999985	159.75618788999924
180.14516859999983	158.30047788999923
180.40206359999982	156.84476788999922
181.51524359999982	157.95794788999922
182.62843359999982	159.07113788999922
183.19930059999982	161.0120878899992
183.7701675999998	162.9530378899992
184.3410345999998	164.89398788999918
186.3961645999998	163.95205788999917
188.45128459999978	163.01012788999915
189.36467159999978	161.46878788999916
190.27805859999978	159.92744788999917
191.19144559999978	158.38610788999918
191.36270559999977	156.15972788999917
191.53396559999976	153.93334788999917
191.70522559999975	151.70696788999916
191.87648559999974	149.48058788999916
190.90601259999974	147.25421788999915
189.93553959999974	145.02784788999915
188.96506659999974	142.80147788999915
186.56741659999975	142.20206788999914
184.16976659999975	141.60265788999914
183.62744359999974	143.54360788999912
183.08512059999973	145.4845578899991
182.54279759999972	147.4255078899991
182.00047759999973	149.36645788999908
181.45815759999974	151.30740788999907
180.91583759999975	153.24835788999906
178.60385759999974	153.24835788999906
176.29186759999973	153.24835788999906
174.57927759999973	153.24835788999906
172.86668759999972	153.24835788999906
172.5241675999997	155.64600788999905
172.1816475999997	158.04365788999905
172.9523175999997	159.58499788999904
173.7229875999997	161.12633788999904
174.1511425999997	163.43834788999902
174.5792975999997	165.750357889999
174.2367775999997	167.805477889999
173.8942575999997	169.86059788999899
173.55173759999968	171.91571788999897
172.2672875999997	172.60075788999896
170.9828375999997	173.28579788999895
170.1265325999997	174.39898788999895
169.2702275999997	175.51217788999895
167.61469759999972	176.82516788999897
165.95916759999972	178.13815788999898
164.30363759999972	179.451147889999
164.34646009999972	177.567287889999
164.38928259999972	175.683427889999
164.43210509999972	173.799567889999
164.47492759999972	171.915707889999
164.61193359999973	169.792077889999
164.74893959999974	167.66844788999902
164.88594559999976	165.54481788999902
165.02295159999977	163.42118788999903
165.15995759999979	161.29755788999904
165.5024775999998	159.41370788999905
165.8449975999998	157.52985788999905
166.1875175999998	155.64600788999905
166.4794845999998	153.61220788999904
166.7714515999998	151.57840788999903
167.0634185999998	149.544607889999
167.35538159999982	147.510807889999
167.64734459999983	145.477007889999
167.93930759999984	143.44320788999897
168.19253759999984	141.07974788999897
168.44576759999984	138.71628788999897
168.69899759999984	136.35282788999896
168.24318959999985	138.60654788999895
167.78738159999986	140.86026788999894
167.33157359999987	143.11398788999892
166.87576559999988	145.3677078899989
166.4199575999999	147.6214278899989
165.96414759999988	149.87514788999889
165.50833759999986	152.12886788999887
165.05252759999985	154.38258788999886
164.59671759999983	156.63630788999885
164.14090759999982	158.89002788999883
164.04512259999981	161.35727788999884
163.9493375999998	163.82452788999885
163.8535525999998	166.29177788999885
163.7577675999998	168.75902788999886
163.6619825999998	171.22627788999887
163.56619759999978	173.69352788999888
163.47041259999978	176.16077788999888
163.37462759999977	178.6280278899989
163.55947459999976	181.0310578899989
163.74432159999975	183.4340878899989
163.92916859999974	185.8371178899989
164.11401659999973	188.2401478899989
164.64618659999974	190.5830378899989
164.54521659999975	192.77907788999892
164.44424659999976	194.97512788999893
164.25101659999976	196.90743788999893
164.05778659999976	198.83974788999893
163.86455659999976	200.77205788999893
163.67132659999976	202.70436788999893
163.47809659999976	204.63667788999894
163.28486659999976	206.56898788999894
163.09163659999976	208.50129788999894
162.89840659999976	210.43360788999894
161.39549659999977	212.06533788999894
159.8925865999998	213.69706788999895
158.3896765999998	215.32878788999895
156.88676659999982	216.96050788999895
155.38385659999983	218.59223788999896
153.88094659999985	220.22396788999896
152.37803659999986	221.85568788999896
150.87512659999987	223.48740788999896
149.3722165999999	225.11912788999896
147.8693065999999	226.75084788999897
146.36639659999992	228.38256788999897
144.86348659999993	230.01428788999897
143.01706659999994	231.30248788999896
141.17064659999994	232.59068788999895
139.32422659999995	233.87888788999894
137.47780659999995	235.16708788999892
135.63138659999996	236.4552878899989
133.78496659999996	237.7434878899989
131.93854659999997	239.0316878899989
130.09212659999997	240.31988788999888
128.24570659999998	241.60809788999887
126.39928659999998	242.89630788999887
124.55286659999999	244.18451788999886
122.70644659999999	245.47272788999885
123.3505496	243.66924788999884
123.9946526	241.86575788999883
124.6387546	240.06226788999882
125.2828576	238.2587878899988
126.2103616	236.40376788999882
127.1378656	234.54874788999882
128.0653696	232.69372788999883
128.9928736	230.83870788999883
129.9203776	228.98368788999883
130.6932996	226.98697788999883
131.46622159999998	224.99026788999882
132.23914359999998	222.9935578899988
133.01206659999997	220.9968478899988
133.78498859999996	219.0001378899988
134.55791059999996	217.0034278899988
135.33083359999995	215.00671788999878
136.10375559999994	213.01000788999877
136.61903859999995	210.88446788999877
137.13432159999996	208.75892788999877
137.64960459999998	206.63338788999877
138.1648866	204.50784788999877
138.68016659999998	202.38230788999877
139.19544659999997	200.25676788999877
139.71072659999996	198.13122788999877
140.22600659999995	196.00568788999877
140.88744059999996	193.89098788999877
141.54887459999998	191.77628788999877
142.2103086	189.66158788999877
142.8717426	187.54688788999877
143.53317660000002	185.43218788999877
144.19461060000003	183.31747788999877
144.85604460000005	181.20276788999877
145.51747860000006	179.08805788999877
146.17891260000007	176.97334788999876
146.8403466000001	174.85863788999876
147.5017806000001	172.74392788999876
148.16321460000012	170.62921788999876
148.82464860000013	168.51450788999875
149.48608260000015	166.39979788999875
150.14751660000016	164.28508788999875
150.80895260000017	162.17037788999875
151.47038860000018	160.05566788999874
152.1318246000002	157.94095788999874
152.7932606000002	155.82624788999874
153.4546966000002	153.71153788999874
154.11613060000022	151.59682788999874
154.77756460000023	149.48211788999873
155.43899860000025	147.36740788999873
156.10043260000026	145.25269788999873
156.76186660000027	143.13798788999873
157.4233006000003	141.02327788999872
158.0847346000003	138.90856788999872
158.74616860000032	136.79385788999872
159.40760260000033	134.67914788999872
160.06903660000035	132.56443788999871
162.15049660000034	133.3449828899987
164.23195660000033	134.1255278899987
166.31340660000032	134.90607288999868
168.3948666000003	135.68661788999867
170.4763166000003	135.62879788999868
172.5577666000003	135.5709778899987
174.63921660000028	135.5131578899987
176.72067660000027	135.4553378899987
178.80213660000027	135.3975178899987
180.88359660000026	135.33969788999872
182.57797660000026	134.6710478899987
184.27235660000025	134.0023978899987
185.967	133.334
