26.934	1.318
27.0083	1.46857
27.0826	1.61914
27.1569	1.76971
27.2312	1.92029
27.3055	2.07086
27.3798	2.22143
27.4541	2.372
27.5284	2.52257
27.6027	2.67314
27.677	2.82371
27.7513	2.97429
27.8256	3.12486
27.8999	3.27543
27.9743	3.426
28.0486	3.57657
28.1229	3.72714
28.1972	3.87771
28.2715	4.02829
28.3458	4.17886
28.4201	4.32943
28.4944	4.48
28.5687	4.63057
28.643	4.78114
28.7173	4.93171
28.7916	5.08229
28.8659	5.23286
28.9402	5.38343
29.0145	5.534
29.0888	5.68457
29.1631	5.83514
29.2374	5.98571
29.3117	6.13629
29.386	6.28686
29.4603	6.43743
29.5346	6.588
29.6089	6.73857
29.6832	6.88914
29.7575	7.03971
29.8318	7.19029
29.9061	7.34086
29.9804	7.49143
30.0548	7.642
30.1291	7.79257
30.2034	7.94314
30.2777	8.09371
30.352	8.24429
30.4263	8.39486
30.5006	8.54543
30.5749	8.696
30.6492	8.84657
30.7235	8.99714
30.7978	9.14771
30.8721	9.29829
30.9464	9.44886
31.0207	9.59943
31.095	9.75
31.1693	9.90057
31.2436	10.0511
31.3179	10.2017
31.3922	10.3523
31.4665	10.5029
31.5408	10.6534
31.6151	10.804
31.6894	10.9546
31.7637	11.1051
31.838	11.2557
31.9123	11.4063
31.9866	11.5569
32.0609	11.7074
32.1352	11.858
32.2096	12.0086
32.2839	12.1591
32.3582	12.3097
32.4325	12.4603
32.5068	12.6109
32.5811	12.7614
32.6554	12.912
32.7297	13.0626
32.804	13.2131
32.8783	13.3637
32.9526	13.5143
33.0269	13.6649
33.1012	13.8154
33.1755	13.966
33.2498	14.1166
33.3241	14.2671
33.3984	14.4177
33.4727	14.5683
33.547	14.7189
33.6213	14.8694
33.6956	15.02
33.7699	15.1706
33.8442	15.3211
33.9185	15.4717
33.9928	15.6223
34.0671	15.7729
34.1414	15.9234
34.2158	16.074
34.2901	16.2246
34.3644	16.3751
34.4387	16.5257
34.513	16.6763
34.5873	16.8269
34.6616	16.9774
34.7359	17.128
34.8102	17.2786
34.8845	17.4291
34.9588	17.5797
35.0331	17.7303
35.1074	17.8809
35.1817	18.0314
35.256	18.182
35.4222	18.2062
35.5883	18.2303
35.7545	18.2545
35.9207	18.2786
36.0868	18.3028
36.253	18.3269
36.4192	18.3511
36.5854	18.3752
36.7515	18.3994
36.9177	18.4235
37.0839	18.4477
37.25	18.4718
37.4162	18.496
37.5824	18.5201
37.7485	18.5443
37.9147	18.5684
38.0809	18.5926
38.2471	18.6167
38.4132	18.6409
38.5794	18.665
38.7456	18.6892
38.9117	18.7133
39.0779	18.7375
39.2441	18.7616
39.4102	18.7858
39.5764	18.8099
39.7426	18.8341
39.9088	18.8582
40.0749	18.8824
40.2411	18.9066
40.4073	18.9307
40.5734	18.9549
40.7396	18.979
40.9058	19.0032
41.0719	19.0273
41.2381	19.0515
41.4043	19.0756
41.5704	19.0998
41.7366	19.1239
41.9028	19.1481
42.069	19.1722
42.2351	19.1964
42.4013	19.2205
42.5675	19.2447
42.7336	19.2688
42.8998	19.293
43.066	19.3171
43.2321	19.3413
43.3983	19.3654
43.5645	19.3896
43.7307	19.4137
43.8968	19.4379
44.063	19.462
44.2292	19.4862
44.3953	19.5103
44.5615	19.5345
44.7277	19.5587
44.8938	19.5828
45.06	19.607
45.2262	19.6311
45.3923	19.6553
45.5585	19.6794
45.7247	19.7036
45.8909	19.7277
46.057	19.7519
46.2232	19.776
46.3894	19.8002
46.5555	19.8243
46.7217	19.8485
46.8879	19.8726
47.054	19.8968
47.2202	19.9209
47.3864	19.9451
47.5526	19.9692
47.7187	19.9934
47.8849	20.0175
48.0511	20.0417
48.2172	20.0658
48.3834	20.09
48.5496	20.1141
48.7157	20.1383
48.8819	20.1624
49.0481	20.1866
49.2142	20.2108
49.3804	20.2349
49.5466	20.2591
49.7128	20.2832
49.8789	20.3074
50.0451	20.3315
50.2113	20.3557
50.3774	20.3798
50.5436	20.404
50.7098	20.4281
50.8759	20.4523
51.0421	20.4764
51.2083	20.5006
51.3745	20.5247
51.5406	20.5489
51.7068	20.573
51.873	20.5972
52.0391	20.6213
52.2053	20.6455
52.3715	20.6696
52.5376	20.6938
52.7038	20.7179
52.87	20.7421
53.0362	20.7662
53.2023	20.7904
53.3685	20.8145
53.5347	20.8387
53.7008	20.8628
53.867	20.887
53.7468	21.0042
53.6265	21.1214
53.5063	21.2386
53.386	21.3558
53.2658	21.473
53.1456	21.5902
53.0253	21.7074
52.9051	21.8246
52.7848	21.9418
52.6646	22.059
52.5443	22.1762
52.4241	22.2934
52.3039	22.4106
52.1836	22.5278
52.0634	22.6449
51.9431	22.7621
51.8229	22.8793
51.7027	22.9965
51.5824	23.1137
51.4622	23.2309
51.3419	23.3481
51.2217	23.4653
51.1015	23.5825
50.9812	23.6997
50.861	23.8169
50.7407	23.9341
50.6205	24.0513
50.5003	24.1685
50.38	24.2857
50.2598	24.4029
50.1395	24.5201
50.0193	24.6373
49.899	24.7545
49.7788	24.8717
49.6586	24.9889
49.5383	25.1061
49.4181	25.2233
49.2978	25.3405
49.1776	25.4577
49.0574	25.5749
48.9371	25.6921
48.8169	25.8093
48.6966	25.9264
48.5764	26.0436
48.4562	26.1608
48.3359	26.278
48.2157	26.3952
48.0954	26.5124
47.9752	26.6296
47.8549	26.7468
47.7347	26.864
47.6145	26.9812
47.4942	27.0984
47.374	27.2156
47.2537	27.3328
47.1335	27.45
47.0133	27.5672
46.893	27.6844
46.7728	27.8016
46.6525	27.9188
46.5323	28.036
46.4121	28.1532
46.2918	28.2704
46.1716	28.3876
46.0513	28.5048
45.9311	28.622
45.8108	28.7392
45.6906	28.8564
45.5704	28.9736
45.4501	29.0908
45.3299	29.2079
45.2096	29.3251
45.0894	29.4423
44.9692	29.5595
44.8489	29.6767
44.7287	29.7939
44.6084	29.9111
44.4882	30.0283
44.368	30.1455
44.2477	30.2627
44.1275	30.3799
44.0072	30.4971
43.887	30.6143
43.7668	30.7315
43.6465	30.8487
43.5263	30.9659
43.406	31.0831
43.2858	31.2003
43.1655	31.3175
43.0453	31.4347
42.9251	31.5519
42.8048	31.6691
42.6846	31.7863
42.5643	31.9035
42.4441	32.0207
42.3239	32.1379
42.2036	32.2551
42.0834	32.3723
41.9631	32.4894
41.8429	32.6066
41.7227	32.7238
41.6024	32.841
41.4822	32.9582
41.3619	33.0754
41.2417	33.1926
41.1214	33.3098
41.0012	33.427
40.881	33.5442
40.7607	33.6614
40.6405	33.7786
40.5202	33.8958
40.4	34.013
40.4284	34.1785
40.4568	34.344
40.4852	34.5095
40.5135	34.675
40.5419	34.8405
40.5703	35.006
40.5987	35.1715
40.6271	35.337
40.6555	35.5025
40.6838	35.668
40.7122	35.8335
40.7406	35.999
40.769	36.1645
40.7974	36.33
40.8258	36.4955
40.8541	36.661
40.8825	36.8265
40.9109	36.992
40.9393	37.1575
40.9677	37.323
40.9961	37.4885
41.0244	37.654
41.0528	37.8195
41.0812	37.985
41.1096	38.1505
41.138	38.316
41.1664	38.4815
41.1947	38.647
41.2231	38.8125
41.2515	38.978
41.2799	39.1435
41.3083	39.309
41.3367	39.4745
41.3651	39.64
41.3934	39.8055
41.4218	39.971
41.4502	40.1365
41.4786	40.302
41.507	40.4675
41.5354	40.633
41.5637	40.7985
41.5921	40.964
41.6205	41.1295
41.6489	41.295
41.6773	41.4605
41.7057	41.626
41.734	41.7915
41.7624	41.957
41.7908	42.1225
41.8192	42.288
41.8476	42.4535
41.876	42.619
41.9043	42.7845
41.9327	42.95
41.9611	43.1155
41.9895	43.281
42.0179	43.4465
42.0463	43.612
42.0747	43.7775
42.103	43.943
42.1314	44.1085
42.1598	44.274
42.1882	44.4395
42.2166	44.605
42.245	44.7705
42.2733	44.936
42.3017	45.1015
42.3301	45.267
42.3585	45.4325
42.3869	45.598
42.4153	45.7635
42.4436	45.929
42.472	46.0945
42.5004	46.26
42.5288	46.4255
42.5572	46.591
42.5856	46.7565
42.6139	46.922
42.6423	47.0875
42.6707	47.253
42.6991	47.4185
42.7275	47.584
42.7559	47.7495
42.7842	47.915
42.8126	48.0805
42.841	48.246
42.8694	48.4115
42.8978	48.577
42.9262	48.7425
42.9546	48.908
42.9829	49.0735
43.0113	49.239
43.0397	49.4045
43.0681	49.57
43.0965	49.7355
43.1249	49.901
43.1532	50.0665
43.1816	50.232
43.21	50.3975
43.2384	50.563
43.2668	50.7285
43.2952	50.894
43.3235	51.0595
43.3519	51.225
43.3803	51.3905
43.4087	51.556
43.4371	51.7215
43.4655	51.887
43.4938	52.0525
43.5222	52.218
43.5506	52.3835
43.579	52.549
43.4304	52.4709
43.2818	52.3927
43.1332	52.3146
42.9845	52.2365
42.8359	52.1583
42.6873	52.0802
42.5387	52.0021
42.3901	51.9239
42.2415	51.8458
42.0928	51.7677
41.9442	51.6895
41.7956	51.6114
41.647	51.5333
41.4984	51.4551
41.3498	51.377
41.2011	51.2989
41.0525	51.2207
40.9039	51.1426
40.7553	51.0645
40.6067	50.9863
40.4581	50.9082
40.3094	50.8301
40.1608	50.7519
40.0122	50.6738
39.8636	50.5957
39.715	50.5175
39.5664	50.4394
39.4177	50.3613
39.2691	50.2831
39.1205	50.205
38.9719	50.1268
38.8233	50.0487
38.6747	49.9706
38.5261	49.8924
38.3774	49.8143
38.2288	49.7362
38.0802	49.658
37.9316	49.5799
37.783	49.5018
37.6344	49.4236
37.4857	49.3455
37.3371	49.2674
37.1885	49.1892
37.0399	49.1111
36.8913	49.033
36.7427	48.9548
36.594	48.8767
36.4454	48.7986
36.2968	48.7204
36.1482	48.6423
35.9996	48.5642
35.851	48.486
35.7023	48.4079
35.5537	48.3298
35.4051	48.2516
35.2565	48.1735
35.1079	48.0954
34.9593	48.0172
34.8107	47.9391
34.662	47.861
34.5134	47.7828
34.3648	47.7047
34.2162	47.6266
34.0676	47.5484
33.919	47.4703
33.7703	47.3922
33.6217	47.314
33.4731	47.2359
33.3245	47.1578
33.1759	47.0796
33.0273	47.0015
32.8786	46.9234
32.73	46.8452
32.5814	46.7671
32.4328	46.689
32.2842	46.6108
32.1356	46.5327
31.9869	46.4546
31.8383	46.3764
31.6897	46.2983
31.5411	46.2202
31.3925	46.142
31.2439	46.0639
31.0952	45.9857
30.9466	45.9076
30.798	45.8295
30.6494	45.7513
30.5008	45.6732
30.3522	45.5951
30.2036	45.5169
30.0549	45.4388
29.9063	45.3607
29.7577	45.2825
29.6091	45.2044
29.4605	45.1263
29.3119	45.0481
29.1632	44.97
29.0146	44.8919
28.866	44.8137
28.7174	44.7356
28.5688	44.6575
28.4202	44.5793
28.2715	44.5012
28.1229	44.4231
27.9743	44.3449
27.8257	44.2668
27.6771	44.1887
27.5285	44.1105
27.3798	44.0324
27.2312	43.9543
27.0826	43.8761
26.934	43.798
26.7854	43.8761
26.6367	43.9543
26.4881	44.0324
26.3395	44.1105
26.1909	44.1887
26.0423	44.2668
25.8936	44.3449
25.745	44.4231
25.5964	44.5012
25.4478	44.5793
25.2991	44.6575
25.1505	44.7356
25.0019	44.8137
24.8532	44.8919
24.7046	44.97
24.556	45.0481
24.4074	45.1263
24.2587	45.2044
24.1101	45.2825
23.9615	45.3607
23.8129	45.4388
23.6643	45.5169
23.5156	45.5951
23.367	45.6732
23.2184	45.7513
23.0698	45.8295
22.9211	45.9076
22.7725	45.9858
22.6239	46.0639
22.4753	46.142
22.3266	46.2202
22.178	46.2983
22.0294	46.3764
21.8808	46.4546
21.7321	46.5327
21.5835	46.6108
21.4349	46.689
21.2863	46.7671
21.1376	46.8452
20.989	46.9234
20.8404	47.0015
20.6918	47.0796
20.5431	47.1578
20.3945	47.2359
20.2459	47.314
20.0973	47.3922
19.9486	47.4703
19.8	47.5484
19.6514	47.6266
19.5028	47.7047
19.3541	47.7828
19.2055	47.861
19.0569	47.9391
18.9083	48.0172
18.7596	48.0954
18.611	48.1735
18.4624	48.2516
18.3138	48.3298
18.1651	48.4079
18.0165	48.486
17.8679	48.5642
17.7193	48.6423
17.5706	48.7204
17.422	48.7986
17.2734	48.8767
17.1248	48.9548
16.9761	49.033
16.8275	49.1111
16.6789	49.1892
16.5303	49.2674
16.3816	49.3455
16.233	49.4236
16.0844	49.5018
15.9358	49.5799
15.7871	49.658
15.6385	49.7362
15.4899	49.8143
15.3413	49.8924
15.1926	49.9706
15.044	50.0487
14.8954	50.1268
14.7468	50.205
14.5981	50.2831
14.4495	50.3613
14.3009	50.4394
14.1523	50.5175
14.0036	50.5957
13.855	50.6738
13.7064	50.7519
13.5577	50.8301
13.4091	50.9082
13.2605	50.9863
13.1119	51.0645
12.9632	51.1426
12.8146	51.2207
12.666	51.2989
12.5174	51.377
12.3687	51.4551
12.2201	51.5333
12.0715	51.6114
11.9229	51.6895
11.7742	51.7677
11.6256	51.8458
11.477	51.9239
11.3284	52.0021
11.1797	52.0802
11.0311	52.1583
10.8825	52.2365
10.7339	52.3146
10.5852	52.3927
10.4366	52.4709
10.288	52.549
10.3164	52.3835
10.3448	52.218
10.3732	52.0525
10.4015	51.887
10.4299	51.7215
10.4583	51.556
10.4867	51.3905
10.5151	51.225
10.5435	51.0595
10.5718	50.894
10.6002	50.7285
10.6286	50.563
10.657	50.3975
10.6854	50.232
10.7138	50.0665
10.7421	49.901
10.7705	49.7355
10.7989	49.57
10.8273	49.4045
10.8557	49.239
10.8841	49.0735
10.9124	48.908
10.9408	48.7425
10.9692	48.577
10.9976	48.4115
11.026	48.246
11.0544	48.0805
11.0828	47.915
11.1111	47.7495
11.1395	47.584
11.1679	47.4185
11.1963	47.253
11.2247	47.0875
11.2531	46.922
11.2814	46.7565
11.3098	46.591
11.3382	46.4255
11.3666	46.26
11.395	46.0945
11.4234	45.929
11.4517	45.7635
11.4801	45.598
11.5085	45.4325
11.5369	45.267
11.5653	45.1015
11.5937	44.936
11.622	44.7705
11.6504	44.605
11.6788	44.4395
11.7072	44.274
11.7356	44.1085
11.764	43.943
11.7923	43.7775
11.8207	43.612
11.8491	43.4465
11.8775	43.281
11.9059	43.1155
11.9343	42.95
11.9627	42.7845
11.991	42.619
12.0194	42.4535
12.0478	42.288
12.0762	42.1225
12.1046	41.957
12.133	41.7915
12.1613	41.626
12.1897	41.4605
12.2181	41.295
12.2465	41.1295
12.2749	40.964
12.3033	40.7985
12.3316	40.633
12.36	40.4675
12.3884	40.302
12.4168	40.1365
12.4452	39.971
12.4736	39.8055
12.5019	39.64
12.5303	39.4745
12.5587	39.309
12.5871	39.1435
12.6155	38.978
12.6439	38.8125
12.6722	38.647
12.7006	38.4815
12.729	38.316
12.7574	38.1505
12.7858	37.985
12.8142	37.8195
12.8426	37.654
12.8709	37.4885
12.8993	37.323
12.9277	37.1575
12.9561	36.992
12.9845	36.8265
13.0129	36.661
13.0412	36.4955
13.0696	36.33
13.098	36.1645
13.1264	35.999
13.1548	35.8335
13.1832	35.668
13.2115	35.5025
13.2399	35.337
13.2683	35.1715
13.2967	35.006
13.3251	34.8405
13.3535	34.675
13.3818	34.5095
13.4102	34.344
13.4386	34.1785
13.467	34.013
13.3468	33.8958
13.2265	33.7786
13.1063	33.6614
12.986	33.5442
12.8658	33.427
12.7456	33.3098
12.6253	33.1926
12.5051	33.0754
12.3848	32.9582
12.2646	32.841
12.1443	32.7238
12.0241	32.6066
11.9039	32.4894
11.7836	32.3722
11.6634	32.2551
11.5431	32.1379
11.4229	32.0207
11.3027	31.9035
11.1824	31.7863
11.0622	31.6691
10.9419	31.5519
10.8217	31.4347
10.7015	31.3175
10.5812	31.2003
10.461	31.0831
10.3407	30.9659
10.2205	30.8487
10.1002	30.7315
9.98001	30.6143
9.85977	30.4971
9.73953	30.3799
9.61929	30.2627
9.49904	30.1455
9.3788	30.0283
9.25856	29.9111
9.13832	29.7939
9.01808	29.6767
8.89784	29.5595
8.7776	29.4423
8.65736	29.3251
8.53712	29.2079
8.41687	29.0907
8.29663	28.9736
8.17639	28.8564
8.05615	28.7392
7.93591	28.622
7.81567	28.5048
7.69543	28.3876
7.57519	28.2704
7.45495	28.1532
7.33471	28.036
7.21446	27.9188
7.09422	27.8016
6.97398	27.6844
6.85374	27.5672
6.7335	27.45
6.61326	27.3328
6.49302	27.2156
6.37278	27.0984
6.25254	26.9812
6.13229	26.864
6.01205	26.7468
5.89181	26.6296
5.77157	26.5124
5.65133	26.3952
5.53109	26.278
5.41085	26.1608
5.29061	26.0436
5.17037	25.9264
5.05012	25.8092
4.92988	25.6921
4.80964	25.5749
4.6894	25.4577
4.56916	25.3405
4.44892	25.2233
4.32868	25.1061
4.20844	24.9889
4.0882	24.8717
3.96796	24.7545
3.84771	24.6373
3.72747	24.5201
3.60723	24.4029
3.48699	24.2857
3.36675	24.1685
3.24651	24.0513
3.12627	23.9341
3.00603	23.8169
2.88579	23.6997
2.76554	23.5825
2.6453	23.4653
2.52506	23.3481
2.40482	23.2309
2.28458	23.1137
2.16434	22.9965
2.0441	22.8793
1.92386	22.7621
1.80362	22.6449
1.68337	22.5277
1.56313	22.4106
1.44289	22.2934
1.32265	22.1762
1.20241	22.059
1.08217	21.9418
0.961929	21.8246
0.841687	21.7074
0.721446	21.5902
0.601205	21.473
0.480964	21.3558
0.360723	21.2386
0.240482	21.1214
0.120241	21.0042
0.0	20.887
0.16617	20.8628
0.332339	20.8387
0.498509	20.8145
0.664679	20.7904
0.830848	20.7662
0.997018	20.7421
1.16319	20.7179
1.32936	20.6938
1.49553	20.6696
1.6617	20.6455
1.82787	20.6213
1.99404	20.5972
2.16021	20.573
2.32638	20.5489
2.49254	20.5247
2.65871	20.5006
2.82488	20.4764
2.99105	20.4523
3.15722	20.4281
3.32339	20.404
3.48956	20.3798
3.65573	20.3557
3.8219	20.3315
3.98807	20.3074
4.15424	20.2832
4.32041	20.2591
4.48658	20.2349
4.65275	20.2108
4.81892	20.1866
4.98509	20.1624
5.15126	20.1383
5.31743	20.1141
5.4836	20.09
5.64977	20.0658
5.81594	20.0417
5.98211	20.0175
6.14828	19.9934
6.31445	19.9692
6.48062	19.9451
6.64679	19.9209
6.81296	19.8968
6.97913	19.8726
7.14529	19.8485
7.31146	19.8243
7.47763	19.8002
7.6438	19.776
7.80997	19.7519
7.97614	19.7277
8.14231	19.7036
8.30848	19.6794
8.47465	19.6553
8.64082	19.6311
8.80699	19.607
8.97316	19.5828
9.13933	19.5587
9.3055	19.5345
9.47167	19.5103
9.63784	19.4862
9.80401	19.462
9.97018	19.4379
10.1363	19.4137
10.3025	19.3896
10.4687	19.3654
10.6349	19.3413
10.801	19.3171
10.9672	19.293
11.1334	19.2688
11.2995	19.2447
11.4657	19.2205
11.6319	19.1964
11.798	19.1722
11.9642	19.1481
12.1304	19.1239
12.2966	19.0998
12.4627	19.0756
12.6289	19.0515
12.7951	19.0273
12.9612	19.0032
13.1274	18.979
13.2936	18.9549
13.4597	18.9307
13.6259	18.9066
13.7921	18.8824
13.9582	18.8582
14.1244	18.8341
14.2906	18.8099
14.4568	18.7858
14.6229	18.7616
14.7891	18.7375
14.9553	18.7133
15.1214	18.6892
15.2876	18.665
15.4538	18.6409
15.6199	18.6167
15.7861	18.5926
15.9523	18.5684
16.1185	18.5443
16.2846	18.5201
16.4508	18.496
16.617	18.4718
16.7831	18.4477
16.9493	18.4235
17.1155	18.3994
17.2816	18.3752
17.4478	18.3511
17.614	18.3269
17.7802	18.3028
17.9463	18.2786
18.1125	18.2545
18.2787	18.2303
18.4448	18.2062
18.611	18.182
18.6853	18.0314
18.7596	17.8809
18.8339	17.7303
18.9083	17.5797
18.9826	17.4291
19.0569	17.2786
19.1312	17.128
19.2055	16.9774
19.2798	16.8269
19.3541	16.6763
19.4284	16.5257
19.5028	16.3751
19.5771	16.2246
19.6514	16.074
19.7257	15.9234
19.8	15.7729
19.8743	15.6223
19.9486	15.4717
20.0229	15.3211
20.0972	15.1706
20.1716	15.02
20.2459	14.8694
20.3202	14.7189
20.3945	14.5683
20.4688	14.4177
20.5431	14.2671
20.6174	14.1166
20.6917	13.966
20.7661	13.8154
20.8404	13.6649
20.9147	13.5143
20.989	13.3637
21.0633	13.2131
21.1376	13.0626
21.2119	12.912
21.2863	12.7614
21.3606	12.6109
21.4349	12.4603
21.5092	12.3097
21.5835	12.1591
21.6578	12.0086
21.7321	11.858
21.8064	11.7074
21.8808	11.5569
21.9551	11.4063
22.0294	11.2557
22.1037	11.1051
22.178	10.9546
22.2523	10.804
22.3266	10.6534
22.4009	10.5029
22.4753	10.3523
22.5496	10.2017
22.6239	10.0511
22.6982	9.90057
22.7725	9.75
22.8468	9.59943
22.9211	9.44886
22.9954	9.29829
23.0698	9.14771
23.1441	8.99714
23.2184	8.84657
23.2927	8.696
23.367	8.54543
23.4413	8.39486
23.5156	8.24429
23.5899	8.09371
23.6643	7.94314
23.7386	7.79257
23.8129	7.642
23.8872	7.49143
23.9615	7.34086
24.0358	7.19029
24.1101	7.03971
24.1844	6.88914
24.2588	6.73857
24.3331	6.588
24.4074	6.43743
24.4817	6.28686
24.556	6.13629
24.6303	5.98571
24.7046	5.83514
24.7789	5.68457
24.8533	5.534
24.9276	5.38343
25.0019	5.23286
25.0762	5.08229
25.1505	4.93171
25.2248	4.78114
25.2991	4.63057
25.3734	4.48
25.4478	4.32943
25.5221	4.17886
25.5964	4.02829
25.6707	3.87771
25.745	3.72714
25.8193	3.57657
25.8936	3.426
25.9679	3.27543
26.0423	3.12486
26.1166	2.97429
26.1909	2.82371
26.2652	2.67314
26.3395	2.52257
26.4138	2.372
26.4881	2.22143
26.5624	2.07086
26.6367	1.92029
26.7111	1.76971
26.7854	1.61914
26.8597	1.46857
26.934	1.318
