0.5	12.0
0.574167	12.0
0.648334	12.0
0.722501	12.0
0.796668	12.0
0.870835	12.0
0.945002	12.0
1.01917	12.0
1.09334	12.0
1.1675	12.0
1.24167	12.0
1.31584	12.0
1.39	12.0
1.46417	12.0
1.53834	12.0
1.61251	12.0
1.68667	12.0
1.76084	12.0
1.83501	12.0
1.90917	12.0
1.98334	12.0
2.05751	12.0
2.13168	12.0
2.20584	12.0
2.28001	12.0
2.35418	12.0
2.42834	12.0
2.50251	12.0
2.57668	12.0
2.65085	12.0
2.72501	12.0
2.79918	12.0
2.87335	12.0
2.94751	12.0
3.02168	12.0
3.09585	12.0
3.17001	12.0
3.24418	12.0
3.31835	12.0
3.39252	12.0
3.46668	12.0
3.54085	12.0
3.61502	12.0
3.68918	12.0
3.76335	12.0
3.83752	12.0
3.91169	12.0
3.98585	12.0
4.06002	12.0
4.13419	12.0
4.20835	12.0
4.28252	12.0
4.35669	12.0
4.42771	12.0
4.49874	12.0
4.56976	12.0
4.64078	12.0
4.71181	12.0
4.78283	12.0
4.85386	12.0
4.92488	12.0
4.9959	12.0
5.06693	12.0
5.13795	12.0
5.20898	12.0
5.28	12.0
5.32888	11.9435
5.37776	11.887
5.42664	11.8306
5.47552	11.7741
5.5244	11.7176
5.57328	11.6611
5.62216	11.6046
5.67104	11.5482
5.71992	11.4917
5.7688	11.4352
5.81768	11.3787
5.86656	11.3222
5.91544	11.2658
5.96432	11.2093
6.0132	11.1528
6.06208	11.0963
6.11096	11.0398
6.15984	10.9834
6.20872	10.9269
6.2576	10.8704
6.30648	10.8139
6.35536	10.7574
6.40424	10.701
6.45312	10.6445
6.502	10.588
6.55088	10.5315
6.59976	10.475
6.64864	10.4186
6.69752	10.3621
6.7464	10.3056
6.79528	10.2491
6.84416	10.1926
6.89304	10.1362
6.94192	10.0797
6.9908	10.0232
7.03968	9.96672
7.08856	9.91024
7.13744	9.85376
7.18632	9.79728
7.2352	9.7408
7.28408	9.68432
7.33296	9.62784
7.38184	9.57136
7.43072	9.51488
7.4796	9.4584
7.52848	9.40192
7.57736	9.34544
7.62624	9.28896
7.67512	9.23248
7.724	9.176
7.77288	9.11952
7.82176	9.06304
7.87064	9.00656
7.91952	8.95008
7.9684	8.8936
8.01728	8.83712
8.06616	8.78064
8.11504	8.72416
8.16392	8.66768
8.2128	8.6112
8.26168	8.55472
8.31056	8.49824
8.35944	8.44176
8.40832	8.38528
8.4572	8.3288
8.50608	8.27232
8.55496	8.21584
8.60384	8.15936
8.65272	8.10288
8.7016	8.0464
8.75048	7.98992
8.79936	7.93344
8.84824	7.87696
8.89712	7.82048
8.946	7.764
8.99488	7.70752
9.04376	7.65104
9.09264	7.59456
9.14152	7.53808
9.1904	7.4816
9.23928	7.42512
9.28816	7.36864
9.33704	7.31216
9.38592	7.25568
9.4348	7.1992
9.48368	7.14272
9.53256	7.08624
9.58144	7.02976
9.63032	6.97328
9.6792	6.9168
9.72808	6.86032
9.77696	6.80384
9.82584	6.74736
9.87472	6.69088
9.9236	6.6344
9.97248	6.57792
10.0214	6.52144
10.0702	6.46496
10.1191	6.40848
10.168	6.352
10.2169	6.29552
10.2658	6.23904
10.3146	6.18256
10.3635	6.12608
10.4124	6.0696
10.4613	6.01312
10.5102	5.95664
10.559	5.90016
10.6079	5.84368
10.6568	5.7872
10.7057	5.73072
10.7546	5.67424
10.8034	5.61776
10.8523	5.56128
10.9012	5.5048
10.9501	5.44832
10.999	5.39184
11.0478	5.33536
11.0967	5.27888
11.1456	5.2224
11.1945	5.16592
11.2434	5.10944
11.2922	5.05296
11.3411	4.99648
11.39	4.94
11.4413	4.88862
11.4906	4.83541
11.538	4.78045
11.5834	4.72381
11.6267	4.66555
11.6678	4.60577
11.7068	4.54453
11.7435	4.48192
11.7779	4.41802
11.81	4.35291
11.8396	4.28668
11.8669	4.21942
11.8917	4.15122
11.914	4.08216
11.9338	4.01233
11.9511	3.94183
11.9657	3.87076
11.9778	3.79921
11.9873	3.72725
11.9942	3.65501
11.9984	3.58256
12.0	3.51
12.00137266	3.4352061999999997
12.005502589999999	3.3605093999999998
12.01240101	3.2860243
12.02207292	3.2118483999999996
12.03451582	3.1380871999999997
12.04971872	3.0648532
12.06766892	2.992235
12.08834362	2.9203409
12.11171032	2.8492867
12.13773952	2.779159
12.16639312	2.7100561
12.19762272	2.6420859
12.23138402	2.5753346
12.26762982	2.5098871000000003
12.306292319999999	2.4458556000000002
12.34732302	2.3833103
12.39065872	2.3223398000000004
12.436236619999999	2.2630258000000003
12.483992319999999	2.2054475000000004
12.53385672	2.1496845000000007
12.585753219999999	2.0958198000000006
12.639619419999999	2.0439172000000005
12.695375519999999	1.9940543000000006
12.752944119999999	1.9463019000000006
12.812258019999998	1.9007191000000005
12.873224819999997	1.8573813000000006
12.935763119999997	1.8163505000000006
12.999798519999997	1.7776810000000007
13.065226819999998	1.7414410000000007
13.131971319999998	1.7076779000000006
13.199938819999998	1.6764443000000007
13.269030519999998	1.6477900000000008
13.339159519999997	1.6217548000000008
13.410224719999997	1.598379400000001
13.482111319999996	1.5777020000000008
13.554727219999997	1.559747400000001
13.627966119999996	1.5445387000000008
13.701729419999996	1.5320908000000009
13.775907419999996	1.5224141200000008
13.850393519999995	1.5155112200000007
13.925084319999996	1.5113772000000008
14.000000019999996	1.5100000500000008
14.073795719999996	1.5092605680000009
14.147572419999996	1.5105067980000009
14.221299519999995	1.5137393680000009
14.294909419999994	1.5189564080000009
14.368345819999995	1.5261540280000008
14.441558319999995	1.5353271380000009
14.514498219999995	1.5464695380000009
14.587113619999995	1.559573338000001
14.659357519999995	1.574630238000001
14.731157919999996	1.591624738000001
14.802483019999995	1.610548838000001
14.873271719999995	1.631386338000001
14.943470119999995	1.6541208380000012
15.013036719999995	1.6787388380000012
15.081907419999995	1.7052173380000013
15.150047819999996	1.7335431380000013
15.217407119999995	1.7636957380000013
15.283922019999995	1.7956468380000012
15.349546519999995	1.8293738380000013
15.414241819999996	1.8648570380000014
15.477967919999996	1.9020754380000013
15.540655819999996	1.9409889380000014
15.602280319999997	1.9815820380000013
15.662782619999996	2.023816238000001
15.722134419999996	2.067672238000001
15.780273519999996	2.113104038000001
15.837167919999995	2.1600857380000007
15.892774719999995	2.208581138000001
15.947064519999994	2.258564138000001
15.999999919999995	2.310000038000001
16.050983619999997	2.363252238000001
16.100538919999998	2.417826638000001
16.14863492	2.473690438000001
16.19523902	2.530806938000001
16.240316019999998	2.5891336380000007
16.283835919999998	2.648631838000001
16.325762719999997	2.709251938000001
16.366076019999998	2.770963938000001
16.40475012	2.8337294380000007
16.44174742	2.897487038000001
16.47704722	2.962199538000001
16.51062132	3.027814138000001
16.54245082	3.094292438000001
16.572517219999998	3.161596438000001
16.600793619999997	3.229665638000001
16.62726622	3.298467438000001
16.651910219999998	3.367937738000001
16.674713719999996	3.438043438000001
16.695655719999998	3.508721238000001
16.714721219999998	3.579919238000001
16.73190222	3.651609538000001
16.747180219999997	3.723716238000001
16.760549219999998	3.7962119380000012
16.771996419999997	3.869029138000001
16.781514819999998	3.9421223380000012
16.78909835	4.015445638000001
16.7947419	4.088952438000001
16.79844064	4.162574438000001
16.800193529999998	4.236273438000001
16.799999996999997	4.309999938000002
16.798696766999996	4.384964138000002
16.794943896999996	4.4598439380000015
16.788958016999995	4.534573938000001
16.780931526999996	4.609114238000001
16.771035166999997	4.683436738000001
16.759422266999998	4.757511738000001
16.746227667	4.831330138000001
16.731577967	4.904854338000001
16.715574867	4.978113638000001
16.698320267	5.051082538000001
16.679900867	5.123764438000001
16.660393667	5.196166838000001
16.639874167000002	5.268276538000001
16.618400367000003	5.340119338000001
16.596034067	5.411687538000001
16.572827967000002	5.482987238000001
16.548833567000003	5.554014638000001
16.524085767000003	5.624802538000001
16.498631367	5.695337638000001
16.472509867000003	5.7656193380000005
16.445753367000002	5.835659338
16.418390967	5.9054696380000005
16.390453567	5.9750508380000005
16.361970067	6.044403738000001
16.332957967000002	6.113551438000001
16.303447167	6.182482938000001
16.273456567	6.251209438000001
16.243008667	6.319730338000001
16.212119967000003	6.3880552380000015
16.180810967000003	6.456182338000001
16.149096467000003	6.524119338000001
16.116990767000004	6.591872938000001
16.084507567000003	6.659448438000001
16.051660467	6.726849838000001
16.018462667	6.794079438000001
15.984927567000002	6.861138138
15.951063767	6.928034938000001
15.916884867	6.994767138
15.882400167	7.061339638000001
15.847614467	7.127764238000001
15.812543167	7.194031738000001
15.777192667	7.2601490380000016
15.741570466999999	7.326119838000001
15.705685267	7.391944938000001
15.669537566999999	7.457639038000001
15.633138966999999	7.523195738000001
15.596502566999998	7.588605538000001
15.559624966999998	7.653887838000001
15.522514266999998	7.719040738000001
15.485180766999997	7.784057838000002
15.447619966999998	7.848958338000002
15.409847766999999	7.913725138000002
15.371865966999998	7.978365338000002
15.333671666999997	8.042893038000003
15.295274866999998	8.107300238000002
15.256681466999998	8.171585438000003
15.217894366999998	8.235751738000003
15.178914466999998	8.299805138000004
15.139748866999998	8.363740738000004
15.100396866999999	8.427566538000004
15.060865566999999	8.491277038000003
15.021149667	8.554886538000003
14.981267667	8.618370638000004
14.941208367	8.681752338000004
14.900974367	8.745031838000004
14.860570267	8.808206038000005
14.820004667	8.871265338000006
14.779269867	8.934225038000006
14.738380867	8.997065038000006
14.697323467	9.059809638000006
14.656105167	9.122449538000007
14.614728867	9.184981838000008
14.573193167	9.247409738000007
14.531503666999999	9.309725438000006
14.489652667	9.371940338000007
14.447640266999999	9.434053238000008
14.405474666999998	9.496050638000007
14.363149166999998	9.557939838000006
14.320666866999998	9.619712538000007
14.278013966999998	9.681383538000008
14.235191566999998	9.742944038000008
14.192206366999997	9.804374838000008
14.149040066999998	9.865689438000008
14.105696866999997	9.926863838000008
14.062150266999996	9.987909538000007
14.018389566999996	10.048800838000007
13.974381566999996	10.109510838000007
13.930000266999997	10.169999538000008
14.005000266999996	10.169999538000008
14.080000266999996	10.169999538000008
14.155000266999995	10.169999538000008
14.230000266999994	10.169999538000008
14.305000266999993	10.169999538000008
14.380000266999993	10.169999538000008
14.455000266999992	10.169999538000008
14.530000266999991	10.169999538000008
14.60500026699999	10.169999538000008
14.68000026699999	10.169999538000008
14.75500026699999	10.169999538000008
14.830000266999988	10.169999538000008
14.905000266999988	10.169999538000008
14.980000266999987	10.169999538000008
15.055000266999986	10.169999538000008
15.130000266999986	10.169999538000008
15.205000266999985	10.169999538000008
15.280000266999984	10.169999538000008
15.355000266999983	10.169999538000008
15.430000266999983	10.169999538000008
15.505000266999982	10.169999538000008
15.580000266999981	10.169999538000008
15.65500026699998	10.169999538000008
15.73000026699998	10.169999538000008
15.80500026699998	10.169999538000008
15.880000266999978	10.169999538000008
15.955000266999978	10.169999538000008
16.030000266999977	10.169999538000008
16.105000266999976	10.169999538000008
16.180000266999976	10.169999538000008
16.255000266999975	10.169999538000008
16.330000266999974	10.169999538000008
16.405000266999973	10.169999538000008
16.480000266999973	10.169999538000008
16.555000266999972	10.169999538000008
16.63000026699997	10.169999538000008
16.70500026699997	10.169999538000008
16.78000026699997	10.169999538000008
16.85500026699997	10.169999538000008
16.93000026699997	10.169999538000008
17.005000266999968	10.169999538000008
17.080000266999967	10.169999538000008
17.155000266999966	10.169999538000008
17.230000266999966	10.169999538000008
17.305000266999965	10.169999538000008
17.380000266999964	10.169999538000008
17.455000266999964	10.169999538000008
17.530000266999963	10.169999538000008
17.605000266999962	10.169999538000008
17.68000026699996	10.169999538000008
17.75500026699996	10.169999538000008
17.83000026699996	10.169999538000008
17.90500026699996	10.169999538000008
17.98000026699996	10.169999538000008
18.055000266999958	10.169999538000008
18.130000266999957	10.169999538000008
18.205000266999956	10.169999538000008
18.280000266999956	10.169999538000008
18.355000266999955	10.169999538000008
18.430000266999954	10.169999538000008
18.505000266999954	10.169999538000008
18.580000266999953	10.169999538000008
18.655000266999952	10.169999538000008
18.73000026699995	10.169999538000008
18.80500026699995	10.169999538000008
18.88000026699995	10.169999538000008
18.95500026699995	10.169999538000008
19.03000026699995	10.169999538000008
19.105000266999948	10.169999538000008
19.180000266999947	10.169999538000008
19.255000266999946	10.169999538000008
19.330000266999946	10.169999538000008
19.405000266999945	10.169999538000008
19.480000266999944	10.169999538000008
19.555000266999944	10.169999538000008
19.630000266999943	10.169999538000008
19.705000266999942	10.169999538000008
19.78000026699994	10.169999538000008
19.85500026699994	10.169999538000008
19.93000026699994	10.169999538000008
20.00370976699994	10.172118428000008
20.07732706699994	10.176289628000008
20.15079096699994	10.182518938000008
20.22405216699994	10.190810318000008
20.29705696699994	10.201165118000008
20.36973406699994	10.213579118000007
20.44203706699994	10.228049118000007
20.51390156699994	10.244566118000007
20.58526016699994	10.263116818000007
20.65606746699994	10.283690818000007
20.72624896699994	10.306266918000007
20.79577396699994	10.330835118000007
20.864559966999938	10.357365718000006
20.93256606699994	10.385841018000006
20.999744666999938	10.416239818000006
21.06602246699994	10.448526518000007
21.13136136699994	10.482679618000006
21.19571526699994	10.518673018000007
21.25901396699994	10.556464318000007
21.32123296699994	10.596036218000007
21.38230546699994	10.637343818000007
21.44218976699994	10.680356118000006
21.50083516699994	10.725034018000006
21.558209566999942	10.771351418000005
21.61425626699994	10.819261318000006
21.66893456699994	10.868727418000006
21.72220326699994	10.919711818000007
21.77400926699994	10.972162718000007
21.82432816699994	11.026055518000007
21.87310886699994	11.081336618000007
21.920321566999938	11.137973918000007
21.96591796699994	11.195911418000007
22.009870366999937	11.255116918000006
22.052135666999938	11.315536018000007
22.092675666999938	11.377116918000006
22.13146246699994	11.439821218000006
22.16846016699994	11.503595718000005
22.203640666999938	11.568397218000005
22.236966466999938	11.634161018000004
22.268415866999938	11.700849218000004
22.297960666999938	11.768407818000004
22.32556966699994	11.836769018000004
22.35122576699994	11.905893118000003
22.37490566699994	11.975720518000003
22.39658976699994	12.046193718000003
22.41626086699994	12.117255018000003
22.433905566999943	12.188851018000003
22.449509366999944	12.260912418000004
22.463065566999944	12.333391218000004
22.474567266999944	12.406227418000004
22.484010436999945	12.479359318000004
22.491393306999946	12.552713618000004
22.496721176999944	12.626258518000004
22.500000526999944	12.699999618000003
22.498317286999946	12.773272718000003
22.494809486999944	12.846487318000003
22.489479446999944	12.919584618000004
22.482328966999944	12.992532918000004
22.473363596999945	13.065271218000003
22.462586996999946	13.137767018000003
22.450000496999944	13.209999618000003
22.4353	13.2835
22.4206	13.357
22.4058	13.4305
22.3911	13.504
22.3764	13.5775
22.3617	13.6509
22.347	13.7244
22.3323	13.7979
22.3175	13.8714
22.3028	13.9449
22.2881	14.0184
22.2734	14.0919
22.2587	14.1654
22.244	14.2389
22.2292	14.3124
22.2145	14.3858
22.1998	14.4593
22.1851	14.5328
22.1704	14.6063
22.1557	14.6798
22.1409	14.7533
22.1262	14.8268
22.1115	14.9003
22.0968	14.9738
22.0821	15.0473
22.0674	15.1208
22.0526	15.1942
22.0379	15.2677
22.0232	15.3412
22.0085	15.4147
21.9938	15.4882
21.9791	15.5617
21.9643	15.6352
21.9496	15.7087
21.9349	15.7822
21.9202	15.8557
21.9055	15.9292
21.8908	16.0026
21.876	16.0761
21.8613	16.1496
21.8466	16.2231
21.8319	16.2966
21.8172	16.3701
21.8025	16.4436
21.7877	16.5171
21.773	16.5906
21.7583	16.6641
21.7436	16.7375
21.7289	16.811
21.7142	16.8845
21.6994	16.958
21.6847	17.0315
21.67	17.105
21.6553	17.1785
21.6406	17.252
21.6258	17.3255
21.6111	17.399
21.5964	17.4725
21.5817	17.5459
21.567	17.6194
21.5523	17.6929
21.5375	17.7664
21.5228	17.8399
21.5081	17.9134
21.4934	17.9869
21.4787	18.0604
21.464	18.1339
21.4492	18.2074
21.4345	18.2808
21.4198	18.3543
21.4051	18.4278
21.3904	18.5013
21.3757	18.5748
21.3609	18.6483
21.3462	18.7218
21.3315	18.7953
21.3168	18.8688
21.3021	18.9423
21.2874	19.0158
21.2726	19.0892
21.2579	19.1627
21.2432	19.2362
21.2285	19.3097
21.2138	19.3832
21.1991	19.4567
21.1843	19.5302
21.1696	19.6037
21.1549	19.6772
21.1402	19.7507
21.1255	19.8242
21.1108	19.8976
21.096	19.9711
21.0813	20.0446
21.0666	20.1181
21.0519	20.1916
21.0372	20.2651
21.0225	20.3386
21.0077	20.4121
20.993	20.4856
20.9783	20.5591
20.9636	20.6325
20.9489	20.706
20.9342	20.7795
20.9194	20.853
20.9047	20.9265
20.89	21.0
20.8737524	21.0711608
20.854820800000002	21.1416457
20.833214	21.211374600000003
20.808961800000002	21.280219000000002
20.782093300000003	21.348079400000003
20.752641200000003	21.414861900000002
20.720642	21.480476000000003
20.6861523	21.544804400000004
20.649219	21.607762200000003
20.609894999999998	21.669262200000002
20.568240499999998	21.729214000000002
20.524324999999997	21.7875228
20.4782208	21.8440999
20.4299794	21.8988867
20.3796863	21.951789499999997
20.3274135	22.002736499999997
20.2732417	22.0516521
20.2172497	22.0984673
20.1595066	22.1431242
20.1001065	22.1855489
20.039133099999997	22.2256803
19.976677499999997	22.2634565
19.912817099999998	22.2988274
19.847659299999997	22.3317301
19.781297899999995	22.3621146
19.713820599999995	22.3899377
19.645317399999996	22.4151582
19.575911199999997	22.437728500000002
19.505679499999996	22.457621600000003
19.434738399999997	22.4748033
19.363183799999998	22.489250700000003
19.291134399999997	22.500942200000004
19.218693199999997	22.509865830000006
19.145954899999996	22.516016160000007
19.073034999999997	22.519392010000008
18.999999799999998	22.519999961000007
18.925480599999997	22.519999961000007
18.850961399999996	22.519999961000007
18.776442199999995	22.519999961000007
18.701922999999994	22.519999961000007
18.627403799999993	22.519999961000007
18.55288459999999	22.519999961000007
18.47836539999999	22.519999961000007
18.40384619999999	22.519999961000007
18.32932699999999	22.519999961000007
18.254807799999988	22.519999961000007
18.180288599999987	22.519999961000007
18.105769399999986	22.519999961000007
18.031250199999985	22.519999961000007
17.956730999999984	22.519999961000007
17.882211799999983	22.519999961000007
17.80769259999998	22.519999961000007
17.73317339999998	22.519999961000007
17.65865419999998	22.519999961000007
17.58413499999998	22.519999961000007
17.509615799999978	22.519999961000007
17.435096599999977	22.519999961000007
17.360577399999976	22.519999961000007
17.286058199999975	22.519999961000007
17.211538999999973	22.519999961000007
17.137019799999972	22.519999961000007
17.06250059999997	22.519999961000007
16.98798139999997	22.519999961000007
16.91346219999997	22.519999961000007
16.83894299999997	22.519999961000007
16.764423799999967	22.519999961000007
16.689904599999966	22.519999961000007
16.615385399999965	22.519999961000007
16.540866199999964	22.519999961000007
16.466346999999963	22.519999961000007
16.391827799999962	22.519999961000007
16.31730859999996	22.519999961000007
16.24278939999996	22.519999961000007
16.16827019999996	22.519999961000007
16.09375099999996	22.519999961000007
16.019231799999957	22.519999961000007
15.944712599999958	22.519999961000007
15.870193399999959	22.519999961000007
15.79567419999996	22.519999961000007
15.72115499999996	22.519999961000007
15.646635799999961	22.519999961000007
15.572116599999962	22.519999961000007
15.497597399999963	22.519999961000007
15.423078199999964	22.519999961000007
15.348558999999964	22.519999961000007
15.274039799999965	22.519999961000007
15.199520599999966	22.519999961000007
15.125001399999967	22.519999961000007
15.050482199999967	22.519999961000007
14.975962999999968	22.519999961000007
14.901443799999969	22.519999961000007
14.82692459999997	22.519999961000007
14.75240539999997	22.519999961000007
14.677886199999971	22.519999961000007
14.603366999999972	22.519999961000007
14.528847799999973	22.519999961000007
14.454328599999974	22.519999961000007
14.379809399999974	22.519999961000007
14.305290199999975	22.519999961000007
14.230770999999976	22.519999961000007
14.156251799999977	22.519999961000007
14.081732599999977	22.519999961000007
14.007213399999978	22.519999961000007
13.932694199999979	22.519999961000007
13.85817499999998	22.519999961000007
13.78365579999998	22.519999961000007
13.709136599999981	22.519999961000007
13.634617399999982	22.519999961000007
13.560098199999983	22.519999961000007
13.485578999999984	22.519999961000007
13.411059799999984	22.519999961000007
13.336540599999985	22.519999961000007
13.262021399999986	22.519999961000007
13.187502199999987	22.519999961000007
13.112982999999987	22.519999961000007
13.038463799999988	22.519999961000007
12.963944599999989	22.519999961000007
12.88942539999999	22.519999961000007
12.81490619999999	22.519999961000007
12.740386999999991	22.519999961000007
12.665867799999992	22.519999961000007
12.591348599999993	22.519999961000007
12.516829399999994	22.519999961000007
12.442310199999994	22.519999961000007
12.367790999999995	22.519999961000007
12.293271799999996	22.519999961000007
12.218752599999997	22.519999961000007
12.144233399999997	22.519999961000007
12.069714199999998	22.519999961000007
11.995194999999999	22.519999961000007
11.9206758	22.519999961000007
11.8461566	22.519999961000007
11.771637400000001	22.519999961000007
11.697118200000002	22.519999961000007
11.622599000000003	22.519999961000007
11.548079800000004	22.519999961000007
11.473560600000004	22.519999961000007
11.399041400000005	22.519999961000007
11.324522200000006	22.519999961000007
11.250003000000007	22.519999961000007
11.175958000000007	22.519251594000007
11.101930100000006	22.517902824000007
11.027910600000006	22.515953514000007
10.953894600000005	22.513403274000005
10.879910100000005	22.510252974000004
10.805957600000005	22.506502784000002
10.732040900000005	22.502152974
10.658153600000004	22.497203094
10.584307200000003	22.491653794
10.510503200000002	22.485505114000002
10.436760400000002	22.478758664
10.363075300000002	22.471414234
10.289449700000002	22.463471994000002
10.215890400000003	22.454932654000004
10.142409400000004	22.445797674000005
10.069000400000004	22.436066314000005
9.995664200000004	22.425738514000006
9.922430200000004	22.414818514000007
9.849289600000004	22.403305314000008
9.776242500000004	22.391198814000006
9.703297500000003	22.378500514000006
9.630451800000003	22.365209914000005
9.557712900000004	22.351328214000006
9.485098200000003	22.336858814000006
9.412599300000004	22.321800214000007
9.340221400000004	22.306153314000007
9.267966400000004	22.289918414000006
9.195851100000004	22.273099214000005
9.123876000000005	22.255696014000005
9.052045000000005	22.237709814000006
8.980367500000005	22.219143014000007
8.908833100000006	22.19999281400001
8.837458100000006	22.180263514000007
8.766246900000006	22.159956414000007
8.695199000000006	22.139071314000006
8.624327100000006	22.117611914000005
8.553639300000006	22.095580914000006
8.483127100000006	22.072975614000008
8.412799000000007	22.049798614000007
8.342651500000008	22.02604871400001
8.272704000000008	22.00173231400001
8.202962100000008	21.976851614000008
8.133429100000008	21.951407914000008
8.064094800000008	21.92539731400001
7.994978400000008	21.89882701400001
7.926075900000008	21.87169551400001
7.857395600000008	21.84400601400001
7.788945400000008	21.81576181400001
7.720728500000008	21.786964214000008
7.6527482000000076	21.75761471400001
7.585007700000007	21.727714714000008
7.517510200000007	21.69726551400001
7.450258700000007	21.66626851400001
7.3832684000000075	21.634730814000008
7.316535700000007	21.602650814000008
7.2500030000000075	21.569999914000007
7.2500030000000075	21.569999914000007
7.18399	21.5365
7.11771	21.5035
7.05117	21.4711
6.98437	21.4392
6.91731	21.4079
6.85	21.3771
6.78244	21.3468
6.71462	21.3172
6.64658	21.288
6.5783	21.2594
6.5098	21.2314
6.44106	21.204
6.3721	21.1771
6.30292	21.1507
6.23354	21.125
6.16393	21.0997
6.09413	21.0751
6.02414	21.051
5.95394	21.0275
5.88356	21.0046
5.81299	20.9823
5.74224	20.9605
5.67132	20.9393
5.60022	20.9187
5.52896	20.8986
5.45754	20.8792
5.38596	20.8603
5.31424	20.842
5.24236	20.8243
5.17034	20.8072
5.09819	20.7907
5.02591	20.7747
4.95349	20.7594
4.88097	20.7446
4.80831	20.7305
4.73555	20.7169
4.66268	20.7039
4.5897	20.6915
4.51662	20.6797
4.44344	20.6685
4.37018	20.6579
4.29685	20.6479
4.22342	20.6385
4.14993	20.6297
4.07636	20.6215
4.00273	20.6139
3.92905	20.6069
3.85532	20.6005
3.78151	20.5947
3.70767	20.5895
3.6338	20.5849
3.55988	20.5809
3.48593	20.5775
3.41197	20.5747
3.33799	20.5726
3.26398	20.571
3.19	20.57
3.11528	20.57
3.04056	20.57
2.96583	20.57
2.89111	20.57
2.81639	20.57
2.74167	20.57
2.66694	20.57
2.59222	20.57
2.5175	20.57
2.44278	20.57
2.36806	20.57
2.29333	20.57
2.21861	20.57
2.14389	20.57
2.06917	20.57
1.99444	20.57
1.91972	20.57
1.845	20.57
1.77028	20.57
1.69556	20.57
1.62083	20.57
1.54611	20.57
1.47139	20.57
1.39667	20.57
1.32194	20.57
1.24722	20.57
1.1725	20.57
1.09778	20.57
1.02306	20.57
0.948333	20.57
0.873611	20.57
0.798889	20.57
0.724167	20.57
0.649444	20.57
0.574722	20.57
0.5	20.57
0.5	20.4955
0.5	20.421
0.5	20.3464
0.5	20.2719
0.5	20.1974
0.5	20.1229
0.5	20.0483
0.5	19.9738
0.5	19.8993
0.5	19.8248
0.5	19.7503
0.5	19.6757
0.5	19.6012
0.5	19.5267
0.5	19.4522
0.5	19.3777
0.5	19.3031
0.5	19.2286
0.5	19.1541
0.5	19.0796
0.5	19.005
0.5	18.9305
0.5	18.856
0.5	18.7815
0.5	18.707
0.5	18.6324
0.5	18.5579
0.5	18.4834
0.5	18.4089
0.5	18.3343
0.5	18.2598
0.5	18.1853
0.5	18.1108
0.5	18.0363
0.5	17.9617
0.5	17.8872
0.5	17.8127
0.5	17.7382
0.5	17.6637
0.5	17.5891
0.5	17.5146
0.5	17.4401
0.5	17.3656
0.5	17.291
0.5	17.2165
0.5	17.142
0.5	17.0675
0.5	16.993
0.5	16.9184
0.5	16.8439
0.5	16.7694
0.5	16.6949
0.5	16.6203
0.5	16.5458
0.5	16.4713
0.5	16.3968
0.5	16.3223
0.5	16.2477
0.5	16.1732
0.5	16.0987
0.5	16.0242
0.5	15.9497
0.5	15.8751
0.5	15.8006
0.5	15.7261
0.5	15.6516
0.5	15.577
0.5	15.5025
0.5	15.428
0.5	15.3535
0.5	15.279
0.5	15.2044
0.5	15.1299
0.5	15.0554
0.5	14.9809
0.5	14.9063
0.5	14.8318
0.5	14.7573
0.5	14.6828
0.5	14.6083
0.5	14.5337
0.5	14.4592
0.5	14.3847
0.5	14.3102
0.5	14.2357
0.5	14.1611
0.5	14.0866
0.5	14.0121
0.5	13.9376
0.5	13.863
0.5	13.7885
0.5	13.714
0.5	13.6395
0.5	13.565
0.5	13.4904
0.5	13.4159
0.5	13.3414
0.5	13.2669
0.5	13.1923
0.5	13.1178
0.5	13.0433
0.5	12.9688
0.5	12.8943
0.5	12.8197
0.5	12.7452
0.5	12.6707
0.5	12.5962
0.5	12.5217
0.5	12.4471
0.5	12.3726
0.5	12.2981
0.5	12.2236
0.5	12.149
0.5	12.0745
0.5	12.0
