32.057	21.1725
33.697120000000005	21.619806
35.33724000000001	22.067113
35.56089300000001	20.725192999999997
35.784546000000006	19.383272999999996
36.679159000000006	17.295842999999994
37.27556800000001	17.295842999999994
38.02107900000001	18.339562999999995
38.17018100000001	19.830582999999994
38.617487000000004	21.768912999999994
38.17018100000001	22.514423999999995
35.933651000000005	22.216219999999996
37.648321	22.738076999999997
39.363001000000004	23.259935
41.15223100000001	24.750954999999998
42.04684400000001	26.391074999999997
43.68696400000001	27.882094999999996
43.98516800000001	28.925804999999997
46.072598000000006	27.583884999999995
47.563618000000005	27.136577999999997
48.830988000000005	26.987475999999997
50.098358000000005	26.838373999999998
50.210185	24.788224
50.322012	22.738074
50.433839	20.687924000000002
50.545666	18.637774000000004
49.601352	16.898244000000005
48.657038	15.158714000000005
47.712724	13.419184000000005
45.998054	12.897327000000004
44.283384000000005	12.375469000000004
43.016014000000006	13.270082000000004
41.748644000000006	14.164695000000004
41.152235000000005	15.655715000000004
40.555826	17.146735000000003
40.406724000000004	18.190445000000004
40.63037800000001	19.457815000000004
40.854031000000006	20.725185000000003
40.854031000000006	22.514415000000003
42.19595100000001	23.856335
43.239661000000005	23.707233000000002
44.432481	21.918003000000002
44.581583	19.681473000000004
44.134277000000004	18.339553000000002
43.68697	16.997633
42.04685	17.594042
40.85403	18.786862000000003
40.555826	17.146742000000003
40.257621	15.506622000000004
40.555825	14.164702000000004
39.363005	13.493742000000005
38.170185000000004	12.822782000000004
36.231855	13.717395000000003
35.188135	14.835665000000004
34.144415	15.953935000000005
33.771659	17.743165000000005
33.398904	19.532395000000005
32.3552	19.532395000000005
32.951609000000005	17.444965000000003
33.548018000000006	15.357535000000004
34.14442700000001	13.270105000000004
35.53604700000001	12.226385000000004
36.927667000000014	11.182665000000004
38.31928700000002	10.138945000000003
39.95940700000002	10.586251000000003
41.59952700000002	11.033558000000003
41.45042400000003	13.270088000000003
42.49414400000003	11.480858000000003
43.53786400000003	9.691628000000003
45.55074400000003	9.467975000000003
47.56362400000003	9.244322000000002
48.98009400000003	10.064384000000002
50.396564000000026	10.884446000000002
51.44028400000003	11.853610000000002
52.48400400000003	12.822774
53.60227400000003	14.835654000000002
54.72054400000003	16.848534
54.79509500000003	19.234164
54.86964600000003	21.619794
55.46605500000003	19.979674
57.255285000000036	20.203326999999998
59.04451500000004	20.426980999999998
60.08822500000004	21.619801
61.13194500000004	22.812621
61.281048000000034	24.900051
60.386435000000034	26.391071
59.491822000000035	27.882091
58.29900200000004	27.434784999999998
57.85169600000004	26.540172
57.77714500000004	25.198251999999997
57.70259400000004	23.856331999999995
56.50977400000004	23.036269999999995
55.316954000000045	22.216207999999995
56.062465000000046	23.856327999999994
56.807976000000046	25.496447999999994
57.55348700000005	27.136567999999993
58.796007000000046	28.329387999999994
60.038527000000045	29.522207999999996
61.281047000000044	30.715027999999997
63.219377000000044	30.715027999999997
64.63584700000004	31.758747999999997
66.05231700000004	32.802468
66.05231700000004	34.069838
66.05231700000004	35.337208
65.15770400000004	36.530027999999994
64.26309100000003	37.72284799999999
62.846621000000034	38.61746099999999
61.43015100000004	39.51207399999999
62.25021300000004	37.64829399999999
63.07027500000004	35.784513999999994
62.47386600000004	33.846183999999994
61.877457000000035	31.907853999999993
60.311887000000034	31.311444999999992
58.74631700000003	30.71503599999999
57.00678700000003	30.36713099999999
55.26725700000003	30.01922599999999
53.52772700000003	29.67132099999999
51.81305700000003	30.86414099999999
50.09837700000003	32.05696099999999
48.756457000000026	32.95157399999999
47.414537000000024	33.846186999999986
46.37082700000003	35.78451699999999
45.625316000000026	38.170146999999986
44.879805000000026	40.555776999999985
44.879805000000026	41.599496999999985
43.68698500000003	39.51206699999999
44.05974100000003	41.226736999999986
44.43249600000003	42.94141699999999
45.625316000000026	43.38872399999999
46.818136000000024	43.83602999999999
45.02890600000002	43.61237699999999
43.23967600000002	43.38872399999999
41.897756000000015	44.28333699999999
40.55583600000001	45.17794999999999
39.01511600000001	45.92346099999999
37.47439600000001	46.66897199999999
35.93367600000001	47.41448299999999
37.051946000000015	48.38364699999999
38.17021600000002	49.35281099999999
40.55584600000002	49.57646399999999
42.941476000000016	49.80011799999999
41.375906000000015	50.47107799999999
39.810336000000014	51.142036999999995
39.760635000000015	52.881567
39.710934000000016	54.621097
39.66123300000002	56.360627
39.21392700000002	57.777097
38.76662000000002	59.193566999999994
38.69206900000002	61.579207
38.61751800000002	63.964836999999996
39.95943800000002	65.008547
38.69206800000002	65.38130199999999
37.42469800000002	65.75405799999999
36.38098800000002	67.24507799999999
37.20105000000002	68.81064799999999
38.021112000000024	70.37621799999998
39.06482200000002	70.52531999999998
39.66123000000002	71.94178999999998
40.25763900000002	73.35825999999999
41.59955900000002	73.65646399999999
42.94147900000002	73.95466899999998
44.50704900000002	74.02921999999998
46.072619000000024	74.10377099999998
47.71273900000003	73.80556699999998
49.35285900000003	73.50736199999999
50.09837000000003	71.79269199999999
50.84388100000003	70.07801199999999
51.58939200000003	69.33250199999999
52.63310200000003	67.766932
53.67682200000003	66.201362
54.12412900000003	64.56124200000001
54.57143500000003	62.921122000000004
54.64598600000003	61.131892
54.72053700000003	59.342662
54.72053700000003	57.777091999999996
54.72053700000003	56.211521999999995
52.78220700000003	55.018702
51.663937000000026	55.689662
50.54566700000002	56.360621
49.72560500000002	58.000741000000005
48.90554300000002	59.64086100000001
48.01093000000002	61.728291000000006
48.756441000000024	63.219311000000005
47.489071000000024	61.951941000000005
46.221701000000024	60.684571000000005
44.65613100000002	60.237264
43.09056100000002	59.789958000000006
41.674091000000026	61.728288000000006
40.25762100000003	63.66661800000001
40.85403000000003	61.877388
41.59954100000003	60.386368000000004
42.49415400000003	58.895348000000006
44.283384000000034	59.268103
46.07261400000004	59.640859000000006
47.41453400000004	60.088165000000004
48.607354000000036	58.746245
48.45825200000004	56.509715
48.30915000000004	54.273185
48.16004800000004	52.036654999999996
48.01094600000004	49.800124999999994
49.80017600000004	49.10431499999999
51.58940600000005	48.40850499999999
53.37863600000005	47.71269499999999
54.79510600000005	46.96718399999999
56.21157600000004	46.221673999999986
57.18074000000004	45.177953999999986
58.14990400000004	44.134233999999985
59.56637400000004	42.34500399999998
60.982844000000036	40.55577399999998
61.728355000000036	42.79230399999998
61.35560000000004	44.581533999999984
60.982844000000036	46.37076399999999
59.79002400000004	47.19082599999999
58.59720400000004	48.01088799999999
57.03163400000004	47.93633699999999
55.46606400000004	47.86178599999999
54.27324400000004	48.01088799999999
53.00587400000004	48.90550099999999
51.73850400000004	49.800113999999986
52.03670800000004	51.887543999999984
52.33491300000004	53.97497399999998
52.55856600000004	51.887543999999984
52.78221900000004	49.800113999999986
54.19868900000004	49.800113999999986
55.615159000000034	49.800113999999986
56.360670000000034	51.44023399999999
58.74630000000003	50.69472299999999
61.13193000000003	49.94921199999999
63.368460000000034	50.69472299999999
64.56128000000004	51.88754299999999
65.75410000000004	53.080362999999984
66.27595700000003	54.27318299999998
66.79781500000003	55.46600299999998
66.79781500000003	57.55343299999998
65.53044500000003	58.89535299999998
64.26307500000003	60.23727299999998
62.622955000000026	60.08817099999998
60.98283500000002	59.93906899999998
59.86456500000002	58.895358999999985
58.74629500000002	57.851638999999984
58.00078400000002	55.913308999999984
57.404375000000016	54.12407899999998
56.80796700000002	52.33484899999998
57.20557300000002	54.52167899999998
57.603179000000026	56.70850899999998
58.00078500000003	58.89533899999998
59.93911500000003	60.01360899999998
61.87744500000003	61.131878999999984
64.03942500000002	60.46091999999998
66.20140500000002	59.78995999999998
67.17056900000003	58.000729999999976
68.13973300000004	56.21149999999997
67.69242700000004	54.86957999999997
68.66159100000004	55.91329999999997
69.63075500000005	56.95701999999997
69.77985700000005	58.37348999999997
69.92895900000005	59.789959999999965
68.88523900000006	60.83366999999996
67.84152900000005	61.87738999999996
66.79781900000005	62.995659999999965
65.75409900000005	64.11392999999997
63.592119000000054	64.03937899999997
61.430139000000054	63.96482799999997
59.939119000000055	62.99566299999997
58.448099000000056	62.02649899999997
57.03162900000006	60.46092899999997
55.61515900000006	58.89535899999997
55.56545830000006	60.63488899999997
55.51575760000006	62.374418999999975
55.466056900000055	64.11394899999998
54.720545900000054	65.90317899999998
53.975034900000054	67.69240899999998
55.540604900000055	69.33252899999998
57.106174900000056	70.97264899999998
59.56636490000005	71.19630199999997
62.02655490000005	71.41995599999997
63.666674900000054	71.49450699999997
65.30679490000006	71.56905799999997
67.19542490000006	71.22115299999997
69.08405490000007	70.87324799999998
70.97268490000008	70.52534299999998
71.86729790000008	69.03432299999997
72.76191090000009	67.54330299999997
73.7559259000001	65.65467299999996
74.7499409000001	63.76604299999996
75.7439559000001	61.87741299999996
75.6445542000001	59.442072999999965
75.5451525000001	57.00673299999997
75.4457508000001	54.57139299999997
73.8553308000001	55.267202999999974
72.26491080000011	55.963012999999975
70.67449080000011	56.65882299999998
71.49455280000011	55.68965899999998
72.3146148000001	54.72049499999998
73.8801848000001	54.34773999999998
75.44575480000009	53.97498399999998
76.04216380000008	55.61510399999998
76.63857280000008	57.255223999999984
76.63857280000008	58.96989399999998
76.63857280000008	60.684573999999984
76.09186480000008	62.32469399999999
75.54515680000009	63.96481399999999
74.99844880000009	65.60493399999999
74.05413480000009	67.29475399999998
73.10982080000008	68.98457399999998
72.16550680000007	70.67439399999998
70.77388680000007	71.91691399999998
69.38226680000007	73.15943399999998
67.99064680000006	74.40195399999998
66.20141680000006	75.89297399999998
67.39423680000006	77.38399399999999
66.79782880000006	79.17322399999999
65.08315880000006	79.84418299999999
63.36847880000006	80.51514299999998
64.85949880000007	80.36604099999998
66.35051880000007	80.21693899999998
67.24513180000008	81.18610299999999
68.13974480000009	82.155267
68.13974480000009	84.09359699999999
67.3942338000001	85.584617
67.69243880000009	87.075637
66.9469278000001	88.864867
65.3068078000001	88.864867
63.6666878000001	88.864867
61.8029078000001	88.9394185
59.9391278000001	89.01397
59.3427188000001	89.90858300000001
57.553488800000096	90.355889
55.76425880000009	90.803196
53.900478800000094	90.654094
52.036698800000096	90.504991
50.6202288000001	90.281338
49.2037588000001	90.057685
48.2345948000001	88.93941500000001
47.265430800000104	87.82114500000002
47.861839800000105	85.73371500000002
49.129209800000105	86.77743500000001
50.396579800000104	87.82114500000002
52.7076598000001	88.19390000000001
55.0187398000001	88.56665600000001
56.3606598000001	88.26845200000001
57.7025798000001	87.97024700000001
59.939109800000104	87.37383900000002
61.72833980000011	87.37383900000002
63.51756980000011	87.37383900000002
65.00858980000011	87.00108400000002
66.49960980000012	86.62832800000002
66.87236480000011	84.83909800000002
67.24512080000011	83.04986800000002
66.2014108000001	81.55884800000001
64.4867408000001	81.26064400000001
62.772060800000105	80.96244000000002
64.4121808000001	79.76962000000002
66.0523008000001	78.57680000000002
65.9031988000001	76.93668000000002
63.7412188000001	76.41482300000003
61.5792388000001	75.89296500000003
59.790008800000095	76.11661800000003
58.00077880000009	76.34027100000003
59.119048800000094	78.12950100000003
60.2373188000001	79.91873100000004
58.59719880000009	78.05495100000003
56.95707880000009	76.19117100000003
55.16784880000009	75.74386500000003
53.37861880000008	75.29655800000003
50.99297880000008	75.59476300000003
49.50195880000008	76.34027400000002
48.01093880000008	77.08578400000002
46.37081880000008	78.87501400000002
46.14716480000008	80.21693400000002
45.92351180000008	81.55885400000003
46.51992080000008	83.27352400000002
47.11632980000008	84.98820400000002
46.66902380000008	86.18102400000002
46.22171680000008	87.37384400000002
46.66902280000008	89.01396400000002
44.73069280000008	89.16306600000001
42.79236280000008	89.31216800000001
40.48128280000008	88.49210600000002
38.170202800000084	87.67204400000003
37.126492800000086	86.03192400000003
38.319312800000084	85.58461800000003
40.257642800000085	86.13132600000003
42.195972800000085	86.67803400000003
44.134302800000086	87.22474200000002
45.47622280000009	87.22474200000002
43.426	86.5165
41.3759	85.8083
39.3257	85.1001
37.2755	84.3918
36.7537	83.1245
36.2318	81.8571
36.2318	80.44063
36.2318	79.02416
37.051862	77.16037999999999
37.871923	75.29659999999998
39.139293	75.07294699999998
40.406663	74.84929399999999
42.494093	76.04211399999998
44.581523	77.23493399999998
45.028828999999995	77.98044499999997
43.612359	76.34032499999998
42.195889	74.70020499999998
40.779419000000004	74.25289799999999
39.36294900000001	73.80559199999999
38.46833600000001	72.46367199999999
37.57372300000001	71.12175199999999
36.08270300000001	71.94181399999998
34.59168300000001	72.76187499999997
33.175213000000014	72.31456799999998
31.758743000000013	71.86726199999998
30.715023000000013	70.37624199999998
29.671303000000012	68.88522199999997
27.58387300000001	67.99060899999996
26.39105300000001	66.72323899999996
25.19823300000001	65.45586899999996
25.570989000000008	64.11394899999996
25.94374400000001	62.77202899999996
27.06201400000001	62.02651799999996
28.180284000000007	61.28100799999996
29.447654000000007	61.13190599999996
30.715024000000007	60.98280299999996
30.715024000000007	63.368442999999964
31.535086000000007	64.41216299999996
32.35514800000001	65.45587299999997
31.758740000000007	67.09599299999996
29.969510000000007	67.69240199999996
31.609630000000006	68.13970799999996
32.65335	66.72323799999995
33.697070000000004	65.30676799999995
35.48630000000001	66.35047799999995
34.44259000000001	65.00855799999995
35.93361000000001	63.21932799999995
35.56085500000001	61.579207999999944
35.18809900000001	59.93908799999994
35.18809900000001	61.43010799999994
35.18809900000001	62.92112799999994
33.99527900000001	63.81574099999994
32.80245900000001	64.71035399999994
31.758749000000012	63.66664399999994
31.460544000000013	61.65376399999994
31.162340000000015	59.640883999999936
32.504260000000016	58.67171999999994
33.84618000000002	57.70255599999994
35.70996000000002	58.298963999999934
37.573740000000015	58.895372999999935
38.02104700000002	57.006742999999936
38.46835400000002	55.11811299999994
38.91566100000002	53.22948299999994
38.91566100000002	51.81301299999994
38.91566100000002	50.396542999999944
37.57374100000002	49.30312299999994
36.23182100000002	48.20970299999994
34.889901000000016	47.11628299999994
33.69708100000002	47.563588999999936
32.50426100000002	48.01089599999994
30.81444100000002	47.81209299999994
29.12462100000002	47.61328999999994
27.434801000000018	47.414486999999944
25.496471000000017	46.56957499999994
23.558141000000017	45.72466299999994
21.619811000000016	44.87975099999994
20.675497000000018	43.040820999999944
19.73118300000002	41.20189099999995
18.78686900000002	39.36296099999995
18.19046000000002	37.27553099999995
17.59405200000002	35.18810099999995
17.79285500000002	33.39887099999995
17.991658000000022	31.60964099999995
18.190461000000024	29.82041099999995
18.935972000000024	28.32939099999995
19.681483000000025	26.838370999999952
21.023403000000023	25.794650999999952
22.365323000000025	24.75094099999995
23.259936000000025	26.24196099999995
24.303646000000025	26.54016599999995
24.900055000000027	28.32939599999995
26.689285000000027	28.627599999999948
28.478515000000026	28.925803999999946
28.329413000000027	27.434783999999947
29.671333000000025	26.987477999999946
31.013253000000027	26.540170999999948
29.14947300000003	26.614721999999947
27.28569300000003	26.689272999999947
27.43479500000003	27.732982999999948
25.49646500000003	27.43477899999995
25.19826000000003	26.092858999999947
23.85634000000003	25.198245999999948
22.51442000000003	24.303632999999948
23.55814000000003	23.483570999999948
24.60186000000003	22.663508999999948
26.76384000000003	22.216202999999947
28.92582000000003	21.76889599999995
30.49139000000003	21.47069199999995
32.057	21.1725
